0 109
0 110
0 111
1 111
1 113
2 114
3 115
3 117
3 119
3 120
4 111
5 110
5 111
5 112
5 113
5 114
5 115
5 116
5 117
5 118
5 119
5 120
5 121
5 123
5 124
5 125
5 126
5 127
5 128
5 129
5 131
5 132
5 133
5 134
6 111
7 136
8 122
8 124
8 125
8 131
8 133
8 134
9 122
10 111
10 112
11 110
11 115
11 117
11 118
11 119
11 123
11 124
11 125
11 126
11 127
11 128
11 129
11 130
11 131
11 132
11 133
11 135
11 138
11 139
11 140
12 109
12 116
12 117
12 118
12 123
12 127
12 128
12 129
12 135
12 136
12 137
12 139
12 142
12 143
13 111
14 111
15 109
15 110
15 112
15 113
15 114
15 115
15 116
15 117
15 118
15 120
15 123
15 124
15 125
15 126
15 127
15 128
15 130
15 131
15 132
15 133
15 135
15 137
15 138
15 140
15 141
15 142
15 143
16 111
16 116
16 120
17 116
17 118
17 119
17 120
17 123
18 110
18 111
18 116
18 118
18 119
18 120
18 127
19 110
19 111
19 124
19 131
19 140
20 110
20 111
20 112
20 116
20 117
20 118
20 119
20 120
20 123
20 124
20 128
20 131
21 109
21 110
21 111
21 114
21 117
21 118
21 119
21 120
21 124
21 125
21 127
21 128
21 130
21 131
21 133
21 134
22 109
22 111
22 114
22 115
22 116
22 117
22 118
22 119
22 120
22 124
22 125
22 127
22 128
22 129
22 130
22 131
22 133
22 134
22 138
22 139
22 141
23 112
23 113
23 115
23 117
23 118
23 119
23 120
23 129
23 130
23 133
23 134
23 135
23 136
23 137
24 111
25 111
26 111
26 126
27 110
27 111
27 116
27 117
27 119
27 120
27 122
27 123
27 127
27 128
27 130
27 139
28 129
28 140
28 141
28 142
28 143
29 110
29 112
29 116
29 117
29 118
29 119
29 120
29 127
29 130
30 111
30 112
30 122
30 125
30 133
31 119
31 123
31 128
32 111
32 116
32 117
32 118
32 119
32 123
32 127
32 128
32 130
33 110
33 112
33 120
33 129
33 130
34 138
34 140
35 116
35 120
35 121
36 109
36 110
36 115
36 116
36 117
36 118
36 119
36 120
36 121
36 122
36 123
36 124
36 125
36 126
36 127
36 128
36 129
36 130
36 131
36 132
36 133
36 134
36 135
36 138
36 139
36 140
36 141
36 142
36 143
37 111
37 112
37 115
37 116
37 117
37 118
37 119
37 120
37 123
37 124
37 127
37 128
37 129
37 130
37 131
38 111
39 109
39 110
39 111
39 114
39 118
39 119
39 123
39 131
39 133
39 134
40 110
40 122
40 124
40 125
40 131
40 133
40 134
40 140
41 109
41 111
41 112
41 116
41 117
41 118
41 119
41 122
41 123
41 124
41 125
41 127
41 128
41 130
41 131
41 133
41 134
42 114
43 115
43 116
43 117
43 118
43 119
43 120
43 123
44 111
45 111
46 109
46 110
46 111
46 113
46 116
46 120
46 131
47 122
47 124
47 125
47 131
47 133
47 134
48 110
48 111
48 139
49 110
49 112
49 114
49 124
49 131
49 140
49 141
50 111
51 111
52 110
52 122
52 124
52 125
52 131
52 133
52 134
52 140
53 110
53 111
53 114
53 122
53 124
53 125
53 131
53 133
53 134
54 109
54 110
54 114
54 115
54 116
54 117
54 118
54 119
54 120
54 127
54 128
54 129
54 130
54 139
54 143
55 137
56 109
56 110
56 111
56 114
56 116
56 119
56 120
56 121
56 123
56 124
56 125
56 128
56 131
56 133
56 134
57 111
57 122
57 124
57 131
58 113
58 116
58 120
58 123
58 129
58 138
58 139
58 140
58 141
59 111
60 111
61 109
61 111
61 112
61 113
61 115
61 116
61 117
61 118
61 120
61 121
61 122
61 123
61 124
61 125
61 126
61 127
61 128
61 129
61 130
61 131
61 132
61 133
61 134
61 136
61 137
61 138
61 139
61 140
61 141
61 142
61 143
62 110
62 113
62 118
62 119
62 120
62 123
62 124
62 127
62 128
62 129
62 130
62 138
62 139
62 140
62 141
62 142
62 143
63 129
63 138
63 142
64 109
64 110
65 111
66 112
66 122
67 109
67 110
67 111
67 112
67 124
68 111
69 111
69 116
69 118
69 119
69 128
70 137
71 112
71 113
71 114
71 115
71 116
71 117
71 118
71 119
71 120
71 121
71 122
71 123
71 124
71 125
71 127
71 129
71 130
71 131
71 132
71 133
71 134
71 135
71 136
71 137
71 139
71 142
71 143
72 111
73 110
73 111
73 112
73 114
73 131
74 111
75 111
75 116
75 117
75 118
75 119
75 120
75 123
75 128
76 111
76 133
76 134
77 111
78 122
79 110
80 122
80 131
80 132
80 135
80 140
81 111
82 111
83 109
83 113
83 114
83 121
83 124
83 126
83 131
83 135
83 137
83 141
83 142
83 143
84 111
84 112
84 113
84 114
84 116
84 117
84 118
84 119
84 120
84 123
85 112
85 113
85 122
85 124
85 131
85 133
85 140
86 110
87 110
87 122
87 124
87 131
88 110
88 111
88 114
88 119
88 123
88 125
88 126
88 128
88 132
88 133
88 135
88 138
88 140
88 141
89 110
89 111
89 131
90 110
90 124
90 131
91 109
91 110
91 111
91 113
91 121
91 124
91 125
91 132
91 133
91 134
91 140
91 141
92 109
92 110
92 117
92 118
92 119
92 120
92 123
92 127
92 128
92 129
92 130
92 133
93 109
93 110
93 133
94 109
94 114
94 121
94 122
94 124
94 125
94 132
94 133
94 134
94 135
94 136
94 138
94 139
94 140
94 142
95 111
95 115
95 116
95 117
95 118
95 120
95 123
95 128
96 114
96 122
96 124
96 125
96 126
96 131
96 132
96 133
96 134
96 135
96 136
97 129
97 135
97 136
97 137
97 142
97 143
98 109
98 111
98 114
98 117
98 119
98 121
98 122
98 123
98 125
98 128
98 131
98 133
98 134
98 135
98 136
99 111
99 125
99 133
99 134
100 109
100 110
100 122
100 124
100 125
100 131
100 133
100 134
101 110
101 111
101 115
101 118
101 119
101 120
101 121
101 123
101 124
101 127
101 129
101 130
101 131
101 140
102 113
102 114
102 116
102 117
102 119
102 120
102 125
102 132
102 133
102 134
102 135
102 136
102 141
103 110
104 111
105 110
105 111
105 112
105 115
105 116
105 117
105 118
105 119
105 120
105 124
105 125
105 126
105 128
105 130
105 131
105 132
105 133
105 134
105 135
105 138
105 139
105 140
105 141
105 142
106 109
106 110
106 111
106 114
106 115
106 116
106 118
106 119
106 125
106 128
106 129
106 133
106 134
106 142
107 111
108 122
108 126
108 135
108 136
