0 884
0 885
0 886
0 887
0 888
0 889
0 890
0 891
0 892
0 893
1 885
1 894
2 884
2 895
2 885
3 895
3 896
4 895
4 885
5 895
5 885
6 887
6 889
6 891
6 892
7 884
7 898
8 885
9 897
10 896
10 898
11 900
11 899
12 899
12 891
13 897
13 899
13 886
13 893
13 898
14 899
14 891
15 897
16 897
16 899
17 899
18 896
18 899
18 891
19 896
19 898
20 894
21 884
21 885
21 899
22 897
22 885
22 899
22 886
22 901
22 887
22 888
22 889
22 892
22 893
23 896
24 885
25 884
25 885
25 899
26 884
26 885
27 884
28 899
28 898
29 899
30 897
30 899
30 901
30 890
30 898
31 897
31 899
32 899
32 890
32 898
33 897
34 897
35 884
35 900
35 897
35 895
35 885
35 899
36 900
37 884
37 897
37 895
37 899
37 887
37 894
37 890
37 891
37 898
38 887
38 891
38 892
39 884
39 899
40 899
40 887
40 894
40 890
40 891
40 892
40 898
41 885
42 897
42 899
43 895
43 896
43 894
43 890
43 898
44 895
44 899
44 890
45 899
45 891
45 898
46 899
46 886
46 888
46 893
47 899
47 894
47 890
47 898
48 900
48 895
48 899
48 890
48 898
49 898
50 900
50 899
51 897
51 895
51 899
51 898
52 895
53 887
53 889
53 891
53 892
54 899
54 890
55 899
55 890
55 898
56 897
56 890
56 898
57 900
57 899
57 891
57 898
58 890
58 898
59 897
59 899
59 890
59 898
60 900
60 885
60 899
61 890
62 885
63 900
63 885
63 899
63 886
63 887
63 889
63 891
63 892
63 893
63 898
64 899
64 894
64 898
65 887
65 889
65 891
65 892
66 898
67 897
68 887
68 889
68 891
68 892
68 893
69 898
70 891
71 899
71 889
71 890
71 891
71 892
71 898
72 890
72 898
73 884
73 885
73 899
73 887
73 888
73 889
73 891
73 892
73 893
74 897
74 895
74 899
74 890
74 898
75 890
76 890
77 897
77 895
77 899
77 887
77 890
77 891
77 892
78 899
79 890
79 898
80 890
80 898
81 895
81 899
81 898
82 897
83 898
84 899
84 898
85 898
86 895
86 899
87 898
88 897
88 889
88 890
88 891
88 892
88 898
89 900
89 899
89 887
89 889
89 891
89 898
90 897
90 899
91 895
91 901
92 899
92 891
93 891
93 898
94 897
95 895
95 887
95 891
96 899
97 886
97 888
97 893
98 885
99 896
99 887
100 899
101 899
102 897
102 885
102 899
102 894
102 889
102 890
102 898
103 890
103 891
104 898
105 897
105 895
105 885
106 900
106 899
106 890
106 898
107 899
108 895
108 899
109 895
109 899
109 890
109 898
110 900
110 897
110 899
111 884
111 900
111 897
111 899
111 901
112 900
112 899
112 898
113 885
114 897
114 885
114 899
114 890
115 900
115 899
115 887
115 889
115 892
115 898
116 897
116 894
116 890
117 884
117 899
118 897
118 899
119 900
119 898
120 899
121 890
121 891
121 898
122 884
122 899
123 898
124 897
124 885
125 886
125 888
125 893
126 890
126 898
127 899
127 894
127 890
127 891
127 898
128 890
128 898
129 900
129 897
129 885
129 901
129 887
129 890
129 891
129 892
129 898
130 896
130 898
131 899
132 896
132 899
133 899
133 886
133 887
133 894
133 888
133 891
133 892
133 893
133 898
134 899
134 898
135 890
136 899
137 899
137 890
138 898
139 899
139 890
139 898
140 899
141 895
141 899
141 898
142 885
142 899
143 885
143 899
143 890
143 891
143 898
144 900
144 887
144 891
144 892
145 897
145 895
145 899
146 897
146 899
147 895
147 899
148 890
148 898
149 890
149 898
150 899
151 899
151 886
151 893
152 899
153 899
154 899
154 890
154 898
155 900
155 885
155 899
156 884
156 885
156 899
157 886
157 901
157 888
157 893
158 900
159 897
159 885
159 899
160 897
161 884
161 897
162 887
162 889
162 891
162 892
163 885
163 890
164 901
164 898
165 887
165 891
166 890
167 900
167 899
167 898
168 899
169 897
170 899
170 889
170 891
170 892
171 899
171 898
172 900
172 897
172 899
173 885
173 899
173 901
173 887
173 889
173 890
173 891
173 892
173 898
174 899
174 898
175 895
176 897
177 900
177 899
178 899
178 898
179 897
179 895
179 899
179 890
180 885
181 900
182 899
183 887
183 889
183 891
183 892
183 898
184 900
184 897
184 895
184 885
184 899
184 890
184 898
185 899
186 899
187 897
187 899
188 885
188 899
188 901
189 899
189 890
189 898
190 887
190 889
190 891
191 897
191 895
191 899
191 887
191 889
191 892
192 890
192 898
193 890
194 899
194 891
194 898
195 899
196 890
196 898
197 896
197 899
198 890
199 884
199 897
200 885
200 899
201 897
201 899
201 890
202 896
202 899
202 887
202 890
202 891
202 892
202 898
203 885
203 886
203 888
203 893
204 884
205 899
205 898
206 899
206 890
206 891
206 898
207 896
207 890
208 895
209 900
209 899
210 900
210 897
210 895
210 899
210 894
210 890
211 900
211 897
211 895
211 887
211 894
211 889
211 890
211 891
211 892
211 898
212 885
212 899
213 897
213 886
213 888
213 898
214 897
215 900
215 899
215 894
215 891
216 898
217 890
218 899
218 890
219 901
219 887
219 889
219 891
219 892
220 900
220 899
220 886
220 894
220 888
220 893
220 898
221 899
221 889
221 892
222 885
222 899
223 885
223 899
224 884
225 898
226 896
226 887
226 889
226 890
226 891
226 892
226 898
227 884
228 899
228 891
229 899
230 897
230 895
230 899
230 890
230 898
231 897
231 885
231 899
231 886
231 888
231 890
231 893
232 896
232 899
232 887
232 894
232 889
232 890
232 891
232 892
232 898
233 899
234 897
234 899
235 900
235 897
235 895
235 885
235 899
235 887
235 894
235 890
235 891
235 892
235 898
236 885
237 890
238 897
238 899
239 900
239 899
239 887
239 894
239 889
239 891
239 892
239 898
240 886
240 893
241 890
241 898
242 897
242 895
242 899
242 890
242 898
243 890
244 900
244 899
244 898
245 900
246 884
246 899
247 900
247 897
247 895
247 896
247 899
247 886
247 887
247 889
247 890
247 891
247 892
247 898
248 899
249 884
249 890
249 898
250 900
250 901
251 900
251 887
251 894
251 889
251 892
251 898
252 898
253 897
253 901
253 898
254 884
254 885
254 890
254 898
255 895
255 899
256 900
256 896
257 900
257 899
258 890
258 898
259 887
259 889
259 891
259 892
260 897
260 899
260 894
260 890
260 898
261 884
261 897
261 885
262 897
262 885
262 899
263 884
263 900
263 896
263 885
263 899
263 886
263 901
263 894
263 888
263 889
263 890
263 891
263 892
263 893
263 898
264 884
264 900
264 895
264 896
264 885
264 899
264 889
264 890
264 891
264 892
265 894
266 897
266 895
267 897
267 895
267 896
267 899
267 890
267 898
268 899
269 899
269 898
270 897
270 885
270 890
270 898
271 899
271 890
271 891
272 899
272 892
273 899
273 898
274 900
274 897
274 890
274 898
275 899
275 890
276 899
277 896
277 890
278 899
278 887
278 889
279 897
279 895
279 899
279 894
279 890
280 899
280 891
281 890
282 897
282 899
283 899
283 898
284 884
284 895
285 899
286 884
287 897
287 895
287 899
287 890
288 897
288 899
288 890
289 890
289 898
290 899
290 887
290 889
290 891
290 892
291 895
291 899
291 898
292 884
292 895
292 899
292 887
292 898
293 884
294 899
295 885
295 898
296 897
296 885
296 898
297 897
297 885
297 899
297 894
298 897
298 899
298 890
299 899
300 885
300 899
301 901
302 885
302 899
302 890
303 899
303 890
303 898
304 899
304 898
305 897
306 897
306 899
307 897
308 895
308 885
308 899
308 898
309 899
309 898
310 899
311 885
312 897
312 899
312 898
313 895
313 885
313 899
314 900
314 895
314 885
314 899
314 887
314 894
314 888
314 889
314 891
314 898
315 899
315 901
315 890
315 898
316 884
316 897
316 899
317 900
317 899
317 898
318 897
318 895
318 899
318 890
319 897
320 899
320 898
321 887
321 889
321 891
321 892
322 900
322 895
322 899
323 899
324 897
324 895
324 899
324 887
324 890
324 891
324 892
324 898
325 896
325 899
326 896
327 890
328 896
328 899
329 900
329 897
329 895
329 885
329 899
329 894
329 890
329 898
330 885
330 899
330 890
331 899
331 890
331 898
332 900
332 897
332 899
332 898
333 900
333 897
333 895
333 894
333 890
334 897
334 899
334 887
334 894
334 889
334 892
335 884
335 885
335 899
336 895
336 899
336 890
337 885
337 899
338 885
338 899
339 885
339 899
340 895
340 899
341 884
341 901
341 890
341 898
342 897
342 895
342 896
342 890
342 898
343 884
343 896
344 897
344 896
345 897
345 895
345 890
345 898
346 898
347 897
348 898
349 899
349 898
350 890
350 898
351 884
351 885
352 890
352 898
353 902
353 894
354 900
354 899
354 898
355 897
355 885
356 897
356 895
356 899
357 885
357 899
358 890
358 898
359 899
359 890
360 899
361 899
362 884
362 885
363 897
363 896
363 899
364 886
365 885
366 890
367 897
367 899
367 887
367 889
367 891
368 884
368 896
368 885
368 899
368 901
368 894
368 889
368 891
368 892
368 898
369 900
369 899
370 896
370 890
371 896
371 899
372 899
373 897
373 891
374 900
374 899
375 899
375 894
376 896
376 899
376 887
376 889
376 890
376 891
376 892
377 884
377 899
378 884
378 896
379 884
379 890
380 899
380 898
381 896
382 896
383 900
383 885
383 899
384 896
385 900
385 897
385 896
385 899
385 901
385 887
385 894
385 889
385 890
385 891
385 892
385 898
386 899
386 898
387 890
387 891
387 892
388 885
388 899
389 895
389 899
389 894
389 888
389 890
389 893
389 898
390 899
390 898
391 899
392 895
392 899
392 894
393 896
393 898
394 895
394 890
394 898
395 897
395 886
395 887
395 888
395 890
395 891
395 892
395 893
396 887
396 889
396 890
396 891
396 892
397 900
398 903
398 904
398 905
398 906
398 900
398 907
398 908
398 909
398 895
398 885
398 910
398 911
398 912
399 900
399 898
400 913
400 914
400 915
401 899
401 891
402 884
402 900
402 897
402 895
402 896
402 899
402 887
402 890
402 898
403 899
403 891
404 916
404 917
404 918
404 919
404 920
404 885
404 921
404 894
404 922
405 923
405 884
405 900
405 897
405 895
405 896
405 885
405 924
405 899
405 886
405 925
405 890
405 893
405 898
406 926
406 927
406 928
406 929
406 930
406 884
406 931
407 932
407 933
407 934
407 935
407 936
407 899
407 937
407 890
407 938
407 891
408 939
408 896
408 894
408 889
409 897
409 896
409 899
409 894
409 889
409 890
409 891
409 892
409 898
410 940
410 884
410 900
411 900
411 885
411 899
411 887
411 889
411 890
411 891
411 892
411 898
412 900
412 885
412 899
413 900
413 885
413 899
413 891
413 898
414 899
415 899
416 897
416 899
416 890
416 898
417 900
417 899
418 900
418 897
418 895
418 901
418 890
419 899
420 900
420 897
420 890
420 891
420 898
421 897
422 886
422 893
423 891
423 898
424 899
425 900
425 898
426 896
426 890
427 896
427 899
427 887
427 889
427 892
428 899
428 890
428 891
429 897
429 895
429 899
429 890
429 898
430 890
431 900
432 890
433 899
434 897
434 887
434 889
434 890
434 891
434 892
434 898
435 897
435 895
435 899
435 886
435 888
435 890
435 891
435 893
436 897
436 896
436 899
436 890
436 891
436 892
436 898
437 900
437 890
438 899
439 895
439 896
440 885
440 899
441 899
441 898
442 887
442 889
442 890
442 891
442 898
443 900
443 897
443 885
443 899
443 890
443 891
443 898
444 896
444 898
445 896
445 899
446 896
446 901
446 894
446 898
447 885
447 899
448 890
449 885
449 899
450 897
451 899
452 897
452 885
452 899
453 890
454 897
454 895
454 899
454 898
455 897
455 895
455 899
455 894
455 890
455 898
456 884
456 899
457 885
457 899
458 885
459 899
459 886
459 888
459 890
459 893
460 890
461 897
461 895
461 899
461 894
462 897
463 897
463 899
463 894
464 897
464 889
464 891
464 892
465 897
465 894
465 890
465 898
466 885
467 899
467 891
468 900
469 896
469 899
470 900
470 897
470 896
470 889
470 891
471 887
471 889
471 891
471 892
472 885
472 899
473 897
473 885
474 897
474 885
475 895
475 899
475 887
475 894
475 888
475 889
475 890
475 891
475 892
475 893
476 900
476 895
476 896
476 885
476 899
476 887
476 894
476 889
476 890
476 892
477 900
477 899
478 900
478 897
478 895
478 896
478 885
478 899
478 887
478 894
478 889
478 890
478 891
478 892
478 898
479 886
479 901
479 887
479 888
479 889
479 892
479 893
480 885
480 899
480 890
481 895
481 899
482 897
482 899
483 899
484 897
485 885
485 899
486 885
486 899
487 898
488 890
488 898
489 898
490 900
490 897
490 895
490 899
490 890
490 898
491 884
491 899
492 897
492 895
492 899
493 899
494 900
494 899
495 884
495 899
495 890
496 890
496 898
497 897
497 894
497 890
497 898
498 896
498 899
499 890
500 896
500 899
501 897
501 887
501 889
501 890
501 891
501 892
501 898
502 900
502 885
502 899
502 901
502 890
502 898
503 884
503 891
504 896
504 890
505 896
505 899
505 891
506 899
506 898
507 899
507 890
507 891
507 898
508 884
509 885
509 899
510 900
510 897
510 896
510 899
510 890
510 898
511 896
511 898
512 890
513 900
513 899
513 890
513 891
513 898
514 899
515 891
516 897
516 899
517 898
518 896
518 890
519 897
519 895
519 899
519 891
520 897
520 895
520 885
520 899
520 894
521 899
521 887
521 890
521 891
521 892
521 898
522 899
523 890
524 891
525 888
525 893
526 886
526 888
526 890
527 890
527 898
528 890
529 900
529 885
529 899
529 890
530 900
530 896
531 900
531 897
532 899
532 901
533 890
534 899
535 900
536 897
536 899
537 897
537 895
537 899
537 894
538 898
539 887
539 889
539 892
540 900
540 899
541 900
542 899
542 891
543 899
544 897
544 899
545 897
545 896
545 899
546 897
546 899
546 891
547 895
548 886
548 888
548 893
549 899
549 890
549 891
549 898
550 900
550 885
550 899
551 887
551 889
551 891
551 892
552 897
553 888
554 900
554 899
555 896
555 890
555 898
556 897
556 896
556 898
557 899
557 891
558 896
558 894
559 896
559 899
560 886
560 893
561 885
561 899
562 899
563 899
564 896
564 894
565 887
565 889
565 891
565 892
566 890
567 899
567 898
568 897
568 899
569 889
569 892
570 897
570 899
571 899
571 894
572 890
573 897
573 895
573 899
573 886
573 890
573 893
573 898
574 887
574 889
574 891
574 892
575 885
576 898
577 899
577 898
578 897
579 899
579 890
580 884
580 897
581 896
582 900
582 885
582 899
583 886
583 893
584 897
584 899
585 897
585 895
585 899
585 890
585 891
586 899
587 895
587 899
588 884
588 885
589 897
589 899
590 897
590 899
591 885
591 899
592 895
592 896
593 900
593 897
593 885
593 899
593 894
594 900
594 885
595 897
595 899
596 895
597 900
597 899
597 891
598 897
598 898
599 899
600 899
601 898
602 884
603 896
603 899
604 890
604 891
605 899
605 891
605 898
606 884
606 897
606 899
607 940
607 884
608 884
608 900
608 897
608 895
608 899
608 894
608 898
609 896
609 887
609 889
609 890
609 892
610 899
610 886
610 887
610 888
610 889
610 890
610 891
610 892
610 893
611 887
611 889
611 898
612 899
612 898
613 897
613 899
614 900
614 897
614 895
614 899
614 886
614 888
614 890
614 893
615 899
615 890
615 898
616 884
616 899
617 897
617 887
617 888
617 889
617 891
617 892
618 897
618 895
618 899
619 884
619 897
619 895
619 885
620 897
620 896
620 886
620 888
620 893
620 898
621 895
621 885
621 899
622 900
622 890
622 898
623 896
624 899
624 901
625 897
625 899
625 898
626 887
626 889
626 891
626 892
627 897
627 885
628 890
628 898
629 898
630 900
630 896
630 885
630 899
631 887
631 889
631 892
632 884
632 897
632 895
632 896
632 899
632 890
633 884
633 899
634 884
634 900
634 885
634 886
634 901
634 888
634 890
634 893
635 897
635 896
636 895
636 885
636 899
637 899
637 890
638 896
639 887
639 890
639 891
639 898
640 900
640 886
640 888
640 893
641 897
642 897
643 899
643 891
644 940
644 900
644 899
644 890
644 898
645 897
645 899
646 899
646 891
647 890
648 899
649 885
649 899
650 899
651 897
651 896
651 899
651 890
651 891
651 898
652 898
653 894
654 900
654 885
654 886
654 894
654 888
655 884
656 887
656 889
656 891
656 892
657 900
657 887
657 889
657 891
657 892
658 900
658 897
658 895
658 901
658 891
658 898
659 884
659 900
660 898
661 884
661 900
661 897
661 899
661 894
661 890
661 898
662 899
662 891
663 886
663 888
663 893
664 899
664 890
664 898
665 899
666 884
666 900
666 897
666 895
666 885
666 899
666 890
666 898
667 890
667 898
668 900
668 897
668 895
668 899
668 886
668 901
668 887
668 894
668 888
668 889
668 890
668 891
668 892
668 893
668 898
669 900
669 897
669 895
669 899
669 886
669 887
669 894
669 891
669 892
669 893
670 897
670 899
671 899
671 891
672 897
672 885
672 890
673 885
673 899
674 897
674 899
675 899
676 885
677 899
678 884
678 900
678 897
678 895
678 885
678 899
678 890
678 891
678 898
679 885
679 899
680 895
680 885
681 896
681 887
681 891
681 892
682 884
683 884
683 900
683 885
683 899
683 890
683 898
684 885
684 887
684 889
684 891
684 892
684 898
685 890
685 898
686 897
686 895
686 898
687 896
688 900
688 897
688 895
689 897
689 896
689 899
690 897
690 885
691 885
691 899
692 884
692 900
692 899
692 898
693 899
694 884
694 897
694 895
694 899
694 887
694 894
694 889
694 892
694 898
695 885
695 898
696 887
696 891
697 895
697 899
698 885
698 899
699 884
699 896
700 900
700 897
700 899
700 898
701 884
701 897
701 885
701 899
701 887
701 894
701 889
701 890
701 891
701 892
702 897
702 895
702 899
703 896
704 898
705 900
705 895
705 896
705 899
705 898
706 884
706 899
706 887
706 894
706 889
706 890
706 891
706 892
706 898
707 885
707 899
708 884
708 896
709 896
709 899
710 885
710 894
710 891
711 896
711 898
712 885
712 890
713 899
713 894
713 890
713 898
714 897
714 895
714 890
714 898
715 899
715 887
715 894
715 889
715 892
715 898
716 899
716 890
717 884
717 898
718 901
719 899
720 884
720 897
720 887
720 889
720 891
720 898
721 899
722 899
723 900
723 899
723 890
723 891
724 897
724 899
725 884
725 899
726 895
727 884
727 895
727 885
727 886
727 901
727 894
727 888
727 890
727 893
727 898
728 884
729 884
729 899
730 890
731 897
731 887
731 894
731 889
731 890
731 891
731 892
731 898
732 900
732 899
733 897
733 899
734 884
734 899
734 890
735 900
735 897
735 899
735 898
736 897
736 891
737 899
738 900
738 897
738 895
738 885
738 899
738 886
738 887
738 894
738 888
738 890
738 891
738 892
738 893
738 898
739 897
739 895
739 899
740 899
740 891
741 897
741 899
742 895
743 897
743 885
744 884
744 899
744 890
745 884
745 885
745 899
745 890
745 898
746 899
746 886
746 887
746 888
746 889
746 890
746 891
746 892
746 893
747 899
747 898
748 887
748 889
748 892
748 898
749 900
749 897
749 895
749 899
749 886
749 894
749 888
749 890
749 893
749 898
750 896
750 899
750 890
751 897
751 895
751 899
751 890
751 898
752 884
752 896
752 899
752 901
752 890
752 891
752 898
753 897
753 895
753 896
753 899
753 889
753 890
753 891
753 892
753 898
754 898
755 899
756 894
756 890
756 898
757 895
757 899
757 887
757 894
757 889
757 890
757 891
757 892
757 898
758 897
758 895
758 887
758 894
758 889
758 890
758 898
759 899
760 897
760 885
760 887
760 889
760 890
760 891
760 892
761 900
761 885
761 899
761 891
762 884
762 897
762 895
762 899
762 898
763 884
763 897
764 884
764 897
765 900
765 885
765 899
765 890
766 897
766 896
766 899
766 890
766 898
767 898
768 885
768 899
769 884
769 885
770 884
770 900
770 885
771 884
771 899
772 889
772 890
772 891
773 895
774 900
774 899
775 890
775 898
776 887
776 891
776 892
777 899
778 884
778 900
778 897
778 895
778 899
778 886
778 901
778 887
778 894
778 888
778 889
778 890
778 891
778 892
778 893
778 898
779 885
779 899
780 900
780 897
780 895
780 885
780 899
780 886
780 901
780 887
780 894
780 888
780 889
780 891
780 892
780 893
780 898
781 897
781 899
781 898
782 884
782 899
782 890
783 897
784 884
784 898
785 899
785 891
786 897
786 896
786 899
787 884
787 900
787 897
787 899
787 894
787 890
787 898
788 899
788 891
789 940
790 900
790 894
790 898
791 900
791 896
791 899
791 890
792 884
792 885
792 899
792 890
793 885
793 894
794 900
794 897
794 899
794 894
794 890
794 898
795 900
795 897
795 895
795 899
795 889
795 891
795 892
795 898
796 899
797 900
797 899
798 885
798 899
799 897
799 896
800 896
800 899
801 887
801 889
801 891
801 892
802 899
802 890
802 891
803 890
803 898
804 884
804 899
805 899
805 887
805 889
805 890
805 892
806 896
807 896
807 885
808 900
808 897
808 896
808 899
808 887
808 889
808 890
808 891
808 892
808 898
809 900
809 897
809 895
809 899
809 894
810 898
811 899
812 896
813 898
814 900
814 897
815 885
815 899
816 896
816 894
817 895
817 896
817 899
817 891
818 897
818 895
818 885
818 899
818 901
818 887
818 889
818 890
818 891
818 892
818 893
818 898
819 897
819 895
819 885
820 895
821 900
821 897
821 895
821 885
821 899
822 897
822 899
822 890
823 899
823 890
824 885
824 887
824 889
824 890
824 891
825 900
826 885
827 899
827 891
828 887
828 889
828 891
828 892
829 896
829 899
829 886
829 888
829 891
829 893
830 896
831 899
832 897
832 896
833 884
833 890
833 898
834 885
834 887
834 889
834 891
835 899
835 891
836 884
836 899
837 896
837 899
837 898
838 897
838 885
838 899
838 891
839 898
840 887
840 889
840 891
840 892
841 898
842 887
842 889
842 891
843 894
844 886
844 888
845 890
846 884
846 899
847 901
847 890
847 898
848 890
848 891
849 897
849 895
849 899
849 894
850 899
850 890
850 891
851 884
851 900
851 897
851 895
851 885
851 899
852 887
852 889
852 891
852 892
853 896
853 899
854 899
854 890
854 898
855 884
856 887
856 889
856 891
856 892
857 896
858 895
858 896
858 899
859 900
859 899
860 897
860 885
860 899
861 896
861 899
861 887
861 889
861 891
862 890
862 898
863 900
864 897
864 899
864 887
864 889
864 890
864 891
865 895
865 899
866 896
866 885
866 899
867 899
868 891
869 900
869 897
869 896
870 884
870 899
870 898
871 899
872 890
872 898
873 900
873 897
873 895
873 885
873 890
873 898
874 890
875 884
875 896
875 885
875 899
875 889
875 890
875 891
875 892
875 898
876 884
876 899
876 887
876 894
876 891
876 892
877 897
877 890
878 897
878 899
879 900
879 897
879 895
880 884
880 900
880 885
881 941
881 942
881 943
881 944
881 945
881 946
881 947
881 948
881 949
881 950
881 951
882 952
882 953
882 884
882 897
882 954
882 895
882 885
882 899
882 955
882 956
882 957
883 899
