#X:/constract_embedding/SVD/main.py
# GMT Mon Mar  7 07:27:04 2022
# 
AthlncRNA10 15229321 15229884 22328551
AthlncRNA102 22328551 15237716
AthlncRNA104 79326195
AthlncRNA105 22328551 15234010 79320777 15224366 15224217 15218779
AthlncRNA109 22328551
AthlncRNA110 22328551 18423684 15237716 79326195 15234010 79320777 15224366 15224217 15223768 22328624 22329999 30678085 30680456 30694526 15221761 15226605 15227722 15228098 15241028 18400210 30694529
AthlncRNA113 22328551
AthlncRNA12 42572443 15218972
AthlncRNA125 22329999 30680456 30694526 18398061 30694529
AthlncRNA126 22329999
AthlncRNA128 18423684
AthlncRNA129 15229321 15229884 22328551 15234010 79320777 15224366 15224217 15223768 15218779 22329999 30678085 30680456 30694526 15221761 15226605 15227722 15228098 15241028 18398061 18400210 30694529 15232459 15229743 22330665
AthlncRNA138 79320777 15224366 15224217 15223768 15218779 30678085 15226605 15227722 42572443 15232459 22330665 30682553 42571149 15233167
AthlncRNA14 22328551
AthlncRNA141 22328551
AthlncRNA148 15229884 22328551 18423684 15237716 79326195 79320777 15224366 15224217 15223768 22328624 30678085 30680456 30694526 15221761 15226605 15227722 15228098 15241028 18400210 18410591 30694529 42572443 15232459 15218972 15229743 22330665 15240641 30682553 42571149 15233167
AthlncRNA155 22328551 79320777 15218779
AthlncRNA159 79320777 15223768 15218779 30678085 15227722
AthlncRNA167 15229884 22328551 79320777 15223768 15218779 15226605
AthlncRNA172 15229321 22328551 30680456 18398061 15240641
AthlncRNA18 15229884 22328551 18423684 79320777 15224366 15224217 15223768 15218779 30678085 30680456 15227722 18398061
AthlncRNA192 15229321 15229884 22328551 79326195 79320777 15224366 15224217 15223768 15218779 22329999 30678085 30694526 15227722 15241028 18398061 18410591 30694529
AthlncRNA193 15229321 15229884 22328551 18423684 15234010 79320777 15224366 15224217 15223768 15218779 30678085 30680456 30694526 15228098 18398061 15229743 30682553
AthlncRNA194 18423684 15237716 15234010 79320777 15224217 15223768 15218779 30694526 15226605 15227722 15228098 15241028 18410591 30694529 42572443 15232459
AthlncRNA199 22328551
AthlncRNA2 22328551
AthlncRNA204 22328551 18423684 15221761 18400210
AthlncRNA207 22328551 79320777 15224366 15224217 15218779 22329999 30678085 15226605 15227722 15241028
AthlncRNA21 15228098 15240641 30682553 42571149 15233167
AthlncRNA210 15229884 22328551 79320777 15224366 15224217 15223768 15218779
AthlncRNA211 18423684 22329999 30694526 18410591 30694529
AthlncRNA213 30678085 15227722
AthlncRNA215 15229321 15229884 79320777 15224366 15223768 15218779 15226605 15227722 15241028
AthlncRNA218 15229321 15229884 22328551 18423684 79320777 15224217 15218779 15228098 15241028
AthlncRNA22 15228098 15229743 15240641 42571149
AthlncRNA222 79320777 15218779 22328624 15218972
AthlncRNA227 15229884 22328551 18423684 15234010 79320777 15224366 15224217 15218779 22328624 30678085 30680456 30694526 15221761 15226605 15227722 15228098 15241028 18398061 18400210 18410591 30694529 42572443 15232459 15229743 15240641 15233167
AthlncRNA229 15229321 22328551 18423684 15234010 79320777 15224366 15224217 15223768 30678085 30680456 15226605 15227722 15228098 15241028 18398061
AthlncRNA23 22328551
AthlncRNA236 15229321 15229884 79326195 15224217 15223768 30680456 30694526 18398061 18410591 30694529
AthlncRNA238 22328551 22329999 30680456 18398061 18410591 15240641
AthlncRNA241 15229321 15229884 22328551 18423684 79320777 15224366 15224217 15223768 15218779 22329999 30678085 30694526 15227722 15241028 18398061 18410591 30694529
AthlncRNA246 79326195
AthlncRNA247 15234010 79320777 15224366 15223768 15218779 15227722
AthlncRNA251 22328551
AthlncRNA253 22328551
AthlncRNA256 15229321 15229884 22328551 18423684 79320777 30680456 18398061
AthlncRNA258 15229884 30680456 30694526 18398061 18410591 30694529
AthlncRNA260 15229884 22328551 22330665
AthlncRNA261 18423684 79326195 30680456 18398061 15240641 30682553
AthlncRNA269 22328551
AthlncRNA270 22328551
AthlncRNA271 22328551 22329999 18398061 18410591 30694529
AthlncRNA277 15229884 22328551 18423684 30680456 30694526 18398061 18410591
AthlncRNA282 15229321 15229884 22328551 79326195 15234010 79320777 15224366 15224217 15223768 15226605 15227722 15228098 15241028 30682553 42571149 15233167
AthlncRNA284 15237716 15218972
AthlncRNA29 15229321 79326195 79320777 15224366 15224217 15223768 15218779 22328624 22329999 30678085 30680456 30694526 15221761 15226605 15227722 18398061 18400210 18410591 30694529
AthlncRNA293 22328551 22329999 30680456 18398061
AthlncRNA296 79320777 30678085 15227722 15228098 15229743 15240641 30682553
AthlncRNA299 22328551
AthlncRNA300 22328551
AthlncRNA301 15229321 15229884 18423684 79326195 79320777 15224366 15224217 15223768 15218779 22329999 30678085 30680456 30694526 15221761 15226605 15227722 15241028 18398061 30694529 42572443 15232459 15229743 22330665 15240641 30682553 42571149 15233167
AthlncRNA302 15229884 22328551 79320777 15224366 15224217 15223768 15218779 22328624 30678085 15226605 15227722 15241028 18398061 15229743 22330665 30682553 42571149 15233167
AthlncRNA306 15228098 42571149
AthlncRNA309 15229884
AthlncRNA311 22328551
AthlncRNA313 18423684
AthlncRNA314 15229321 22328551 18423684 30680456 18398061
AthlncRNA315 22328551
AthlncRNA316 22328551 15224366 15224217 15223768 15218779 30678085 15227722
AthlncRNA319 15218972
AthlncRNA32 18423684 15237716 79326195 15234010 79320777 15224366 15224217 15218779 22328624 22329999 30680456 30694526 15221761 15226605 15227722 15241028 18400210 18410591 30694529 42572443 15218972 15229743 15240641 30682553 15233167
AthlncRNA320 22328551
AthlncRNA321 15229884 18423684 79326195 30680456
AthlncRNA324 22328551
AthlncRNA327 79320777 15224366 15224217 15223768 15218779 30678085 15227722 15241028
AthlncRNA328 22328551 30694526 30694529
AthlncRNA332 22328551
AthlncRNA335 22329999
AthlncRNA340 15229884 22328551
AthlncRNA341 22329999 30680456 18400210 42572443 15232459
AthlncRNA342 22328551
AthlncRNA345 22328551
AthlncRNA346 15229321 79326195 22328624 30680456 15221761 15228098 18400210 42572443 42571149 15233167
AthlncRNA352 22328551 18423684 15237716 79326195 15234010 79320777 15224217 15223768 15218779 30678085
AthlncRNA354 15229884 22328551 18423684 15237716 22329999 30680456 30694526 18398061 18410591 30694529 15240641
AthlncRNA358 15229884
AthlncRNA364 15229884 22329999 30680456 18398061
AthlncRNA369 15229884 22328551 79326195 15223768 22329999 30678085 15221761 15227722 18400210 18410591 30694529 42572443 15229743 22330665 30682553
AthlncRNA37 15229884 22328551 30680456
AthlncRNA373 22328551 30680456
AthlncRNA376 15229321 15229884 22328551 18423684 15237716 22328624 30680456 30694526 15221761 18398061 18400210 30694529 30682553 42571149
AthlncRNA377 15229884 15234010 15224217 15223768 15218779 30678085 30694526 15226605 15227722 15228098 15241028 18410591
AthlncRNA378 15229321 15229884 30694526 18410591 30694529
AthlncRNA42 15229321 22328551 18423684 79326195 22328624 30680456 30694526 15221761 18400210 18410591 30694529 15232459 15229743 15240641 42571149
AthlncRNA52 15234010 79320777 15224366 15224217 15218779 30678085 15227722
AthlncRNA53 79326195 30680456 15221761 18398061 18400210 18410591 30694529 15232459 15240641
AthlncRNA55 42572443 15232459 15218972 42571149 15233167
AthlncRNA56 15229321 15229884 22328551 79326195 15224217 22328624 22329999 30678085 30680456 30694526 15221761 15227722 18410591 42572443 15232459
AthlncRNA62 22328551 18410591 30694529
AthlncRNA64 15229321 15229884 22328551 22329999 30680456 30694526 18398061 30694529
AthlncRNA74 15229321 15229884 22328551 15234010 79320777 15224366 15224217 15223768 15218779 30678085 30680456 15226605 15227722 15241028 15240641
AthlncRNA75 15229884 15237716 79320777 15224366 15223768 15218779 30694526 15228098 18400210 18410591 42572443 15229743
AthlncRNA78 15229884
AthlncRNA79 22328551
AthlncRNA94 15229321 15229884 22328551 18423684 79326195 15234010 15224366 15224217 15223768 22328624 22329999 30678085 30680456 15226605 15227722 15228098 18400210 18410591 30694529 42572443 15232459 15229743 15240641 42571149
AthlncRNA95 15229884 22328551 79326195 15234010 79320777 15224217 15223768 15218779 30678085 30694526 15227722 15228098 18410591 30694529 42571149
AthlncRNA98 22328551 22329999
AthlncRNA99 15221761 42572443 15232459
15229321
15229884
22328551
18423684
15237716
79326195
15234010
79320777
15224366
15224217
15223768
15218779
22328624
22329999
30678085
30680456
30694526
15221761
15226605
15227722
15228098
15241028
18398061
18400210
18410591
30694529
42572443
15232459
15218972
15229743
22330665
15240641
30682553
42571149
15233167
