0 935
0 936
0 937
0 939
0 940
1 941
1 942
1 935
1 936
1 937
1 938
1 940
1 943
2 936
2 938
3 942
4 941
5 944
6 935
7 936
8 942
8 935
8 939
8 940
8 943
9 935
9 937
9 938
9 940
9 945
10 941
10 946
10 947
10 948
10 943
11 936
11 943
12 941
12 936
12 946
12 948
12 940
13 941
14 941
14 943
15 935
15 937
15 946
15 947
15 948
15 940
15 949
15 943
15 945
16 949
17 942
17 943
18 943
18 945
19 942
19 935
19 936
19 937
19 938
19 946
19 947
19 948
19 940
19 943
19 945
20 936
20 943
21 936
21 938
22 941
22 946
22 947
23 943
23 945
24 941
24 944
24 942
24 935
24 936
24 937
24 938
24 946
24 947
24 940
24 943
24 945
25 941
25 935
25 946
25 947
25 948
25 940
25 943
26 943
27 944
27 942
27 943
28 942
28 936
29 935
29 937
29 940
29 943
30 937
30 940
30 943
31 935
31 940
31 943
32 942
32 935
32 937
32 943
33 936
34 935
34 937
34 940
34 943
35 942
35 935
35 940
36 935
36 937
36 939
36 940
37 941
37 939
37 946
37 947
37 948
37 949
38 941
38 935
38 940
38 945
39 942
39 935
39 937
39 943
40 940
41 935
41 937
42 949
43 940
43 943
44 937
44 940
45 944
45 943
46 943
47 935
47 937
47 940
47 943
48 935
48 937
48 938
48 940
49 944
49 937
49 943
49 945
50 944
50 935
50 937
50 940
50 943
51 943
52 935
52 940
52 943
53 944
53 943
54 936
54 943
55 942
55 938
55 943
55 945
56 940
56 943
57 935
57 937
57 940
57 943
58 935
58 937
59 942
59 935
59 937
59 946
59 948
59 943
60 935
60 943
61 935
61 937
61 940
62 935
62 940
63 935
63 940
63 943
64 942
64 935
64 937
64 940
64 943
65 944
65 935
65 937
65 940
65 943
66 944
66 942
66 935
66 937
66 938
66 943
66 945
67 940
67 945
68 937
68 938
68 940
68 945
69 944
69 942
70 944
70 942
70 935
70 936
70 940
71 944
71 942
71 938
71 949
71 945
72 941
72 942
72 936
72 947
72 948
72 945
73 943
74 942
74 943
75 940
75 943
76 949
77 937
77 940
77 943
78 941
78 942
78 935
78 937
78 946
78 948
78 943
79 944
79 942
79 937
80 942
80 943
80 945
81 943
81 945
82 935
82 937
82 947
82 948
82 940
82 945
83 941
83 946
83 948
83 943
84 941
84 937
84 943
85 936
86 935
86 943
87 935
87 940
88 949
89 941
89 937
89 946
89 947
89 940
89 949
89 943
89 945
90 944
90 935
91 944
91 935
92 941
92 936
92 946
92 947
92 948
93 938
94 942
94 940
94 943
95 935
95 940
96 944
96 942
97 942
97 943
98 935
98 940
98 943
99 937
100 942
100 936
100 943
101 942
101 935
101 937
101 947
101 949
101 943
101 945
102 935
103 942
104 942
104 938
104 943
105 944
105 943
106 942
106 935
106 940
106 943
107 941
107 942
107 937
107 943
108 942
108 935
108 937
108 940
108 943
109 944
109 942
109 935
109 937
109 938
109 940
110 935
110 949
110 943
111 943
112 943
113 944
113 938
113 943
114 942
115 935
116 942
116 943
117 942
117 935
117 937
117 940
117 943
117 945
118 935
118 937
118 938
118 943
119 935
119 937
119 940
120 942
120 943
121 944
122 944
122 935
122 940
123 944
124 937
124 940
125 942
125 935
125 936
125 940
125 943
126 942
126 935
126 937
127 942
127 935
127 940
127 949
127 943
128 941
128 943
129 937
129 943
130 944
130 938
130 943
131 950
131 943
132 946
132 948
133 944
133 943
133 945
134 941
134 946
134 947
134 948
135 951
135 952
135 953
135 954
135 955
136 941
136 943
136 945
137 945
138 941
138 942
138 947
138 948
138 943
139 935
139 949
139 943
140 935
140 937
140 940
141 941
141 935
141 946
141 947
141 948
142 942
142 937
142 940
143 943
144 941
144 944
144 942
144 935
144 937
144 938
144 940
144 945
145 944
145 938
146 941
146 944
146 942
146 935
146 936
146 938
146 947
146 948
146 940
146 943
146 945
147 941
147 946
147 947
147 948
147 945
148 941
148 944
148 942
148 937
148 939
148 940
148 945
149 944
149 935
149 938
149 943
149 945
150 941
150 944
150 942
150 936
150 946
150 947
150 948
150 945
151 942
151 935
151 937
151 947
151 948
151 943
152 937
153 944
154 942
154 943
155 942
155 943
156 935
157 944
158 940
158 943
159 935
159 943
159 945
160 941
160 935
160 936
160 946
160 947
160 948
161 941
161 937
161 946
162 941
162 935
163 935
163 938
163 940
164 943
165 942
165 940
165 943
166 941
166 944
166 935
166 939
167 935
167 939
167 945
168 938
168 943
169 943
170 956
170 944
170 942
170 957
171 940
171 943
172 944
172 945
173 935
173 938
173 940
173 945
174 941
174 944
174 942
174 935
174 937
174 946
174 948
174 940
174 949
174 943
175 942
175 943
176 941
176 935
176 946
176 947
176 943
177 945
178 935
178 943
178 945
179 935
179 937
179 939
179 943
179 945
180 938
180 945
181 941
181 942
181 935
181 936
181 937
181 943
182 944
182 936
182 943
183 944
183 942
183 937
184 941
184 935
184 936
184 946
184 947
184 948
184 940
185 942
186 935
186 940
187 941
187 948
188 941
188 947
188 948
189 942
189 935
189 940
189 943
190 935
190 943
191 945
192 942
192 943
193 942
193 935
193 943
194 942
194 943
195 944
195 935
195 937
195 938
195 947
195 948
195 949
196 942
197 942
197 943
198 935
198 937
199 935
199 940
199 943
200 941
200 942
200 935
200 937
200 947
200 948
200 940
201 936
202 935
202 937
203 936
203 943
204 942
204 935
204 937
204 940
204 949
205 936
206 944
206 935
206 937
206 940
206 943
206 945
207 936
207 943
208 941
208 946
208 948
209 944
209 936
209 943
210 935
211 942
211 935
212 942
212 938
212 943
213 935
213 943
214 944
214 935
214 940
215 943
216 941
216 942
216 935
216 937
216 938
216 946
216 947
216 948
216 940
216 943
217 935
217 940
218 937
218 943
219 942
220 942
220 935
220 937
220 940
220 943
221 941
221 935
221 940
221 943
221 945
222 942
222 937
222 940
222 943
223 945
224 935
224 937
224 946
225 942
225 936
226 941
226 935
226 937
226 946
226 947
226 948
226 940
226 943
227 942
227 938
227 939
227 943
227 945
228 935
228 943
229 944
229 943
230 944
230 942
231 942
231 943
232 943
233 944
233 935
233 946
233 947
233 948
233 940
233 945
234 942
234 943
235 935
235 936
235 937
236 941
236 942
236 936
236 943
236 945
237 945
238 941
238 942
238 946
238 947
238 948
238 943
238 945
239 942
239 935
239 937
240 941
240 944
240 935
240 937
240 938
240 946
240 947
240 948
240 940
240 958
241 935
241 943
242 943
242 945
243 935
243 937
243 940
243 943
244 942
244 935
244 937
244 940
244 943
245 937
246 935
246 937
247 935
247 943
248 944
248 938
249 959
249 960
249 961
249 962
250 935
250 937
251 935
251 937
251 940
251 943
252 943
252 945
253 943
254 935
254 940
254 943
255 944
255 937
255 940
255 943
256 940
257 935
257 937
257 940
258 944
258 938
258 943
259 942
259 935
259 938
259 945
260 946
260 947
260 948
261 941
261 946
261 947
261 948
262 944
263 943
264 941
264 943
265 942
265 943
266 942
266 943
267 941
267 935
267 937
267 946
267 947
267 948
267 940
267 943
268 963
268 964
269 958
270 944
270 940
270 943
271 944
271 943
272 941
272 937
272 946
272 947
272 948
273 943
274 943
275 936
275 943
276 944
276 943
277 944
277 938
277 940
277 943
277 958
278 944
278 938
279 944
279 943
280 938
281 935
281 940
282 936
282 938
283 943
284 941
284 944
284 942
284 935
284 937
284 938
284 946
284 947
284 948
284 940
284 949
284 943
284 945
285 946
285 947
285 948
285 958
286 942
286 936
286 943
287 942
287 935
287 938
287 946
287 947
287 943
288 942
288 943
289 942
290 935
290 936
291 935
292 943
293 945
294 942
294 935
295 944
295 935
296 941
296 942
296 935
296 946
296 947
296 940
296 943
296 945
297 940
297 943
298 941
298 935
298 938
298 947
298 948
298 940
298 943
299 935
299 943
300 938
300 943
301 944
301 938
301 943
302 944
302 943
303 935
303 943
304 938
304 943
305 935
305 940
306 944
306 943
306 945
307 935
307 937
307 940
307 943
308 942
309 941
309 935
309 947
309 948
309 943
310 941
310 935
310 943
311 940
311 943
312 938
312 943
313 942
313 936
313 943
314 942
314 935
314 939
314 943
315 935
315 937
316 935
316 940
317 935
318 935
318 940
319 944
319 942
319 937
319 940
319 943
319 945
320 941
320 944
320 935
320 937
320 946
320 947
320 948
320 940
320 943
320 945
321 941
321 947
321 948
321 949
322 935
322 937
323 941
323 943
324 949
325 941
325 943
326 941
326 935
326 936
326 943
327 937
327 940
327 943
327 945
327 958
328 936
328 943
329 935
329 937
329 940
329 943
329 945
330 944
330 943
331 935
331 936
332 943
332 945
333 944
333 935
333 943
334 936
335 944
336 942
337 944
337 936
337 940
338 936
338 938
339 942
339 935
339 937
339 939
339 940
340 941
340 944
340 943
341 935
341 937
342 935
343 940
344 941
344 943
345 941
345 942
345 935
345 936
345 937
345 947
345 940
345 949
345 943
345 945
346 937
346 943
347 935
347 943
348 941
348 937
348 940
348 943
349 937
349 938
350 936
351 944
351 937
351 943
352 935
353 945
354 936
354 938
355 941
355 942
355 935
355 936
355 937
355 939
355 946
355 947
355 948
355 943
356 937
356 940
356 943
357 942
357 937
357 940
358 941
358 946
358 947
358 948
358 940
358 943
359 940
359 943
359 945
360 942
361 949
362 942
362 936
362 945
363 942
364 941
364 942
364 935
364 940
364 943
365 935
365 943
366 943
366 945
367 941
367 935
367 946
367 947
367 948
367 940
368 941
368 937
368 940
369 942
369 935
369 937
369 940
369 943
370 935
371 935
371 943
372 944
372 935
372 939
373 944
373 943
374 965
374 966
375 937
376 941
376 940
376 943
377 935
377 937
377 940
378 941
378 942
378 935
378 936
378 937
378 946
378 947
378 948
378 945
379 942
379 943
380 944
380 943
380 945
381 935
382 944
382 938
383 942
383 943
384 941
384 937
384 943
385 937
385 940
385 943
386 941
386 942
386 937
386 943
387 942
387 943
388 935
388 940
389 942
389 940
390 941
390 935
390 943
391 942
392 943
393 941
393 946
394 941
394 943
395 942
395 935
395 937
395 940
395 943
396 941
396 942
396 935
396 937
396 947
396 948
396 940
396 943
397 940
398 935
398 937
398 940
398 943
399 935
400 943
401 944
401 943
402 935
402 940
403 942
403 943
404 935
405 938
405 943
406 935
406 937
406 940
407 938
407 943
408 939
408 943
409 935
409 940
409 943
410 941
410 942
410 935
410 946
410 947
410 940
410 943
411 941
411 942
411 938
411 946
411 947
411 948
411 940
412 942
412 943
412 945
413 943
414 935
414 936
414 937
414 940
415 941
415 936
416 937
416 940
417 935
417 943
417 945
418 944
418 942
418 943
419 942
419 943
420 941
420 942
420 935
420 937
420 938
420 946
420 947
420 948
420 940
420 945
421 941
421 948
422 944
422 943
423 935
424 943
425 944
425 943
426 940
426 943
427 942
427 943
428 941
428 935
428 937
428 940
428 943
429 938
430 935
430 940
431 944
431 938
431 943
432 935
432 937
433 935
433 943
434 936
435 935
436 935
436 937
437 944
438 944
438 942
438 935
438 937
438 939
438 946
438 947
438 940
438 943
438 945
439 941
439 940
439 943
439 945
440 942
440 935
440 936
440 940
440 943
441 935
441 940
442 936
442 943
443 935
443 945
444 943
445 940
445 945
446 935
446 936
447 936
448 945
449 944
449 943
450 942
451 935
451 945
452 935
452 943
453 935
454 941
454 937
454 947
454 943
455 942
455 935
455 940
455 943
456 943
457 935
457 940
457 943
458 935
458 937
458 940
459 944
459 943
460 942
460 935
460 937
460 943
461 942
461 935
461 940
462 935
462 943
463 938
463 943
464 944
464 935
464 943
465 943
466 944
466 940
467 941
467 946
467 947
467 943
467 945
468 942
469 944
469 935
469 940
469 943
470 944
470 942
470 935
471 944
472 937
472 940
473 935
473 937
473 940
474 935
474 943
474 945
475 944
475 935
475 938
475 939
475 949
476 942
476 935
477 944
477 936
478 935
478 940
478 943
479 941
479 942
479 935
479 937
479 948
479 943
480 941
480 944
480 935
480 936
480 937
480 946
480 947
480 948
480 940
480 949
480 943
480 945
481 942
481 935
482 943
483 941
483 942
483 936
483 937
483 947
483 948
483 940
483 943
484 944
484 935
485 967
485 968
486 942
487 944
487 943
488 944
488 945
489 942
489 943
490 943
491 944
491 938
492 942
492 935
493 942
493 938
494 941
494 948
494 943
495 944
496 938
497 942
497 935
497 936
497 938
497 943
498 940
499 935
499 946
499 947
499 948
499 940
500 941
500 946
500 947
500 948
501 938
502 935
502 937
502 940
502 943
503 937
503 938
503 940
503 943
503 945
504 936
504 943
505 935
506 941
506 935
507 935
507 936
507 937
508 941
508 935
508 947
508 948
509 944
509 943
510 941
510 944
510 942
510 935
510 936
510 937
510 948
510 940
510 943
511 935
511 937
511 940
512 935
512 937
513 941
513 942
513 937
513 946
513 947
513 940
513 943
514 945
515 944
515 942
515 943
516 942
517 941
517 935
517 946
517 947
517 948
517 943
518 942
518 943
519 937
519 938
519 943
519 945
520 942
520 940
520 943
520 945
521 941
521 942
522 937
522 943
523 944
523 937
523 943
524 935
524 937
524 943
525 942
525 935
525 937
525 940
525 943
525 945
526 935
526 943
527 943
528 949
528 943
529 949
530 943
531 935
531 937
531 940
532 944
533 944
533 935
534 935
534 937
534 940
534 943
535 935
535 937
535 943
536 942
536 943
537 936
537 940
538 941
538 935
538 943
539 944
539 943
539 945
540 944
540 938
540 943
541 949
542 943
542 945
543 946
543 948
543 940
543 943
543 945
544 942
544 935
544 937
544 940
544 943
544 945
545 944
545 942
545 938
545 943
546 938
547 944
547 942
548 935
548 943
549 941
549 935
549 947
549 948
550 942
550 935
550 940
550 943
550 945
551 941
551 944
551 935
551 939
551 946
551 948
551 940
551 943
552 940
552 943
553 944
553 942
553 943
554 935
555 935
555 940
555 943
556 969
556 970
556 972
556 973
556 974
556 975
557 941
557 946
557 947
557 948
558 935
558 940
558 943
559 942
559 937
560 942
560 943
561 936
561 943
562 937
562 938
562 940
563 944
563 943
564 941
564 935
564 937
564 943
565 941
566 944
566 942
567 941
567 936
567 937
567 946
567 947
567 948
567 940
567 943
568 944
568 943
569 941
569 942
569 935
569 936
569 940
569 943
570 942
570 943
571 944
571 937
571 938
571 940
572 937
573 942
574 941
574 946
574 947
574 948
575 941
575 942
575 946
575 947
575 948
575 943
576 941
576 942
576 935
576 940
576 943
576 945
577 935
578 944
578 943
579 942
580 937
580 940
581 941
581 942
581 935
581 946
581 947
581 948
581 940
582 941
582 937
582 947
582 948
582 943
582 945
583 935
583 943
584 941
584 946
584 947
584 940
584 949
584 943
585 939
585 940
585 943
586 935
587 941
587 945
588 935
588 936
588 937
588 940
589 944
589 935
589 937
590 940
591 935
592 935
593 937
593 943
594 942
594 943
595 942
595 935
595 937
595 940
595 943
596 941
596 939
596 946
596 947
597 935
597 937
597 940
597 949
597 943
597 945
598 943
599 941
599 935
599 946
599 947
599 948
599 943
600 943
601 943
602 943
603 938
603 943
604 943
604 945
605 942
605 940
606 937
606 940
607 935
607 940
608 941
608 946
608 947
608 948
609 941
609 935
609 936
609 937
609 946
610 940
610 943
611 938
612 938
613 942
613 935
613 937
613 938
613 940
613 943
614 942
614 943
615 941
615 943
616 942
616 935
616 937
616 940
616 949
616 943
616 945
617 942
617 943
618 938
618 943
619 941
619 942
619 935
619 938
619 946
619 947
619 948
619 940
619 943
620 937
620 943
621 942
621 938
621 943
622 943
623 942
623 943
624 944
624 935
625 935
625 943
626 935
626 937
626 940
626 943
627 943
628 936
628 958
629 941
629 942
629 935
629 936
629 937
629 947
629 948
629 940
630 943
631 935
632 942
632 943
633 941
633 935
633 938
633 946
633 947
633 948
633 940
634 936
635 935
635 936
635 937
635 943
636 944
637 942
637 943
638 945
639 935
640 944
640 935
641 941
641 942
641 935
641 946
641 947
641 948
641 940
641 945
642 937
642 938
643 935
643 940
643 943
644 941
644 935
644 937
644 946
644 947
644 948
644 949
645 937
645 940
645 943
646 942
647 935
647 936
647 940
647 943
648 943
649 935
649 937
650 935
650 936
650 937
650 938
650 939
650 943
651 935
651 936
651 937
651 938
651 940
651 943
652 942
652 937
652 943
653 941
653 942
653 935
653 936
653 937
653 946
653 947
653 948
653 940
653 943
654 937
654 940
655 944
655 943
656 941
656 944
656 937
656 946
656 947
656 948
656 943
657 941
657 944
657 942
657 935
657 937
657 946
657 947
657 948
657 940
657 949
657 945
658 938
658 943
659 944
660 937
661 941
661 935
661 947
661 940
661 943
661 945
662 940
662 943
663 936
664 936
664 937
664 943
665 942
665 935
665 937
665 940
665 943
666 941
666 935
666 936
667 942
667 940
667 943
668 944
668 937
669 943
670 944
670 943
671 944
671 936
672 935
672 937
672 945
673 940
673 943
674 935
674 937
675 944
676 936
676 937
676 940
676 943
677 935
677 937
677 940
678 944
679 949
680 949
681 949
682 941
682 946
682 948
683 935
683 937
683 939
683 940
683 943
684 944
684 943
684 945
685 942
685 938
685 943
686 941
686 942
686 935
686 946
686 947
686 948
686 940
686 943
687 941
687 935
687 937
687 943
688 935
688 937
689 944
689 977
689 978
689 979
689 980
689 981
689 982
689 945
690 943
691 941
691 937
691 940
691 943
692 942
692 935
692 937
693 944
693 942
693 936
693 938
693 945
694 935
694 937
694 940
695 942
695 943
696 944
696 943
697 944
697 937
697 946
697 947
697 943
698 944
698 937
699 941
699 942
699 937
699 946
699 947
699 948
699 940
699 943
700 942
700 935
700 940
700 943
701 943
702 943
702 945
703 937
703 940
703 943
704 942
704 940
704 943
704 945
705 935
705 937
705 940
705 943
706 935
706 940
707 942
708 941
708 942
708 946
708 947
708 948
708 943
709 944
709 945
710 943
711 944
711 938
711 943
712 946
712 948
713 942
713 943
714 935
714 940
715 942
715 935
715 937
715 943
716 935
717 936
717 940
718 935
718 936
718 937
719 944
719 943
720 944
720 943
721 936
721 943
721 945
722 938
722 943
723 944
723 943
724 938
725 941
725 935
725 936
725 940
725 949
725 943
726 941
726 935
726 937
726 940
726 943
727 936
727 937
727 940
727 943
728 942
728 936
729 942
729 935
729 940
730 941
730 935
730 943
731 983
731 984
731 985
732 941
732 935
732 937
732 940
732 943
732 945
733 935
733 937
733 938
734 942
735 940
736 942
736 935
736 937
736 940
736 943
737 935
738 943
739 941
739 944
739 942
739 935
739 937
739 946
739 947
739 948
740 940
740 943
741 941
741 946
741 947
741 948
741 943
742 935
742 943
743 941
743 944
743 945
744 941
744 936
744 947
744 948
745 942
745 935
745 938
745 940
745 945
746 942
746 935
746 937
746 938
746 940
747 942
747 938
748 936
748 943
749 936
750 942
750 938
751 936
751 943
752 937
753 944
753 942
753 935
753 937
753 940
753 943
754 944
754 935
754 937
754 943
754 945
755 936
755 943
756 986
756 942
757 942
757 935
757 936
757 937
757 940
758 942
758 935
758 937
758 940
758 949
758 943
759 942
759 943
760 943
760 945
761 944
761 942
761 943
762 944
762 943
763 935
763 940
763 943
764 944
765 938
765 943
766 935
766 937
766 946
766 947
766 943
767 944
767 943
768 935
768 936
768 937
768 943
769 937
769 940
769 943
769 945
770 942
770 935
770 937
770 940
770 943
770 945
771 944
772 944
772 942
772 935
772 936
772 937
772 938
772 940
772 943
773 935
773 936
774 939
775 938
775 943
776 941
776 946
776 947
776 948
776 943
777 942
777 935
777 939
777 940
777 943
778 935
778 937
778 940
778 943
779 942
779 935
779 936
780 935
780 937
781 942
781 943
782 935
782 936
782 940
783 941
783 943
784 935
784 940
784 943
785 942
785 938
785 943
786 944
786 945
786 958
787 936
787 943
788 944
788 937
788 940
788 943
789 936
789 943
790 958
791 942
791 935
791 937
791 940
791 943
792 942
792 935
792 937
792 943
793 937
793 940
794 935
794 940
794 943
795 942
795 937
796 936
797 935
797 937
797 948
798 941
798 946
798 947
798 948
798 943
799 935
799 936
800 942
800 937
800 940
801 945
802 942
802 937
802 938
802 946
802 947
802 940
803 939
803 949
804 940
804 943
805 942
805 938
806 941
806 937
806 940
806 943
807 942
808 944
808 935
808 940
808 949
808 945
809 944
809 943
810 942
810 937
811 943
812 944
812 935
812 940
813 944
813 940
814 938
814 943
815 944
815 942
815 943
816 942
816 935
816 937
816 940
816 943
817 943
818 935
818 937
819 944
819 943
820 944
820 943
821 938
821 939
822 937
822 943
822 945
823 943
823 945
824 942
824 936
824 949
825 987
825 938
825 945
826 943
827 944
827 943
828 943
829 944
829 943
830 937
830 940
830 943
831 943
832 944
832 942
832 943
833 943
834 937
834 943
835 935
835 937
835 940
835 949
835 943
836 936
836 938
837 976
837 940
837 945
838 935
838 936
839 942
839 935
839 988
839 989
839 938
839 940
839 945
840 941
840 944
840 946
840 947
840 948
840 940
840 943
840 945
841 935
841 943
842 935
843 942
843 935
843 937
843 940
843 943
844 941
844 938
845 935
845 937
845 940
846 944
846 943
846 945
847 935
847 943
848 937
849 937
850 940
850 943
851 936
851 943
851 945
852 941
853 942
854 942
854 935
855 944
855 940
856 935
856 940
856 943
857 936
858 943
859 938
859 943
860 942
860 935
860 943
860 945
861 941
861 942
861 937
861 946
861 947
861 948
861 940
861 949
862 938
862 943
863 941
863 938
863 939
863 947
863 948
863 940
863 949
863 945
864 941
864 937
864 940
864 943
865 937
865 940
866 944
866 943
867 990
867 991
868 938
869 938
870 938
870 943
871 938
871 940
872 941
872 942
872 935
872 937
872 940
872 943
872 945
873 936
873 937
873 940
874 941
874 944
874 942
874 936
874 943
875 941
875 944
875 942
875 937
875 939
875 946
875 947
875 948
875 940
875 949
875 943
876 944
876 942
876 939
876 946
876 947
876 948
876 949
876 943
877 944
877 935
877 940
877 943
878 937
878 940
878 943
879 944
879 943
879 945
880 941
880 946
880 947
880 948
880 943
881 935
881 940
881 943
882 935
882 937
882 938
882 940
883 941
883 944
883 942
883 936
883 992
883 937
883 993
883 971
883 938
883 948
883 940
883 949
883 945
884 941
884 942
884 935
884 937
884 943
885 944
886 944
886 942
886 937
886 940
886 943
886 945
887 935
887 938
887 940
887 945
888 937
888 938
888 943
889 943
890 935
890 940
890 943
891 935
891 940
892 942
892 935
893 942
893 935
893 937
893 939
893 946
893 948
893 949
893 943
893 945
894 942
895 944
895 935
895 939
895 940
896 944
896 943
897 938
897 940
898 941
898 943
899 941
899 943
900 936
900 943
901 936
902 944
903 944
903 935
903 938
903 943
903 945
903 958
904 942
904 936
904 943
905 942
905 936
905 940
906 938
906 958
907 937
907 943
908 935
908 940
909 944
909 942
910 936
910 940
910 943
911 943
912 942
912 943
913 942
913 935
913 937
913 940
913 949
913 943
914 944
914 942
915 944
915 943
916 941
916 935
916 937
916 938
916 946
916 947
916 948
916 940
916 943
917 941
917 935
917 943
918 936
918 943
919 943
920 942
920 935
920 937
920 940
921 942
921 935
921 937
921 940
921 949
921 943
922 942
922 938
923 944
923 943
924 941
924 946
924 948
925 941
925 935
925 937
925 946
925 947
925 948
925 943
926 941
926 944
926 942
926 935
926 937
926 947
926 948
926 940
926 945
927 944
927 935
927 938
927 939
927 940
927 949
927 945
928 949
928 945
929 941
929 935
929 937
929 946
929 947
929 948
930 937
931 938
932 935
932 936
933 937
933 940
933 943
934 937
