0 936
0 937
0 938
0 939
0 940
1 941
1 942
1 935
1 936
1 937
1 940
1 943
2 938
3 942
3 936
4 941
4 943
5 944
5 935
6 935
6 940
7 936
8 942
8 935
8 937
8 939
8 940
8 943
9 942
9 935
9 937
9 938
9 943
10 941
10 947
10 948
11 936
12 941
12 935
12 936
12 946
12 948
13 941
14 941
14 943
15 935
15 937
15 946
15 947
15 948
15 940
15 949
15 945
16 949
17 943
18 943
18 945
19 941
19 942
19 935
19 936
19 937
19 938
19 947
19 948
19 943
19 945
20 944
20 936
20 943
21 936
21 938
22 941
22 946
22 947
22 948
23 943
23 945
24 941
24 942
24 935
24 936
24 937
24 938
24 946
24 947
24 940
24 943
25 941
25 946
25 947
25 948
25 943
26 941
26 943
27 944
27 942
27 943
28 936
29 935
29 937
29 940
29 943
30 935
30 940
30 943
31 935
31 937
31 940
31 949
31 943
32 942
32 935
32 943
33 936
34 935
34 937
34 940
34 943
35 942
35 935
35 937
35 940
35 943
36 935
36 937
36 940
37 941
37 939
37 946
37 948
38 941
38 935
38 940
38 943
38 945
39 942
39 935
39 937
39 940
39 943
40 940
40 943
41 935
41 937
42 949
43 942
43 940
43 943
44 940
45 944
45 943
46 940
46 943
47 935
47 937
47 940
47 943
48 935
48 937
48 938
48 940
49 937
49 943
50 935
50 937
50 940
50 943
51 940
51 943
52 935
52 937
52 940
53 944
54 936
55 942
55 938
55 943
55 945
56 942
56 940
57 935
57 939
57 940
58 937
58 949
59 941
59 935
59 937
59 946
59 947
59 948
60 935
61 935
62 935
62 937
63 940
63 943
64 935
64 937
65 944
65 937
65 940
66 944
66 942
66 935
66 937
66 938
66 940
67 935
67 937
67 940
68 942
68 937
68 938
68 940
68 943
68 945
69 944
69 938
70 944
70 942
70 935
70 936
70 949
71 944
71 942
71 937
71 938
71 949
71 945
72 942
72 936
72 946
72 947
72 948
72 949
72 945
73 943
74 942
74 943
75 940
76 949
77 937
77 940
77 943
78 941
78 942
78 937
78 946
78 947
78 940
78 943
79 944
79 942
79 937
80 942
80 943
80 945
81 944
81 942
81 943
81 945
82 941
82 935
82 946
82 947
82 948
82 943
83 941
83 946
83 947
83 948
83 943
84 935
84 937
84 940
84 943
85 936
85 943
86 935
86 943
87 942
87 937
87 940
88 949
89 941
89 942
89 937
89 939
89 946
89 947
89 948
89 940
89 949
89 943
89 945
90 944
90 935
91 944
91 935
92 941
92 936
92 946
92 948
93 938
93 943
94 942
94 935
94 943
95 935
95 940
96 944
96 942
97 942
97 943
98 935
98 940
98 943
99 937
100 942
100 943
101 941
101 942
101 935
101 946
101 947
101 948
101 940
101 949
101 945
102 935
102 937
103 943
104 942
104 938
104 943
105 944
106 942
106 935
106 937
106 943
107 941
107 942
107 937
107 943
108 941
108 942
108 940
109 944
109 942
109 938
109 940
110 944
110 935
110 949
110 943
111 938
112 942
112 943
113 944
113 938
113 943
114 943
115 935
115 943
116 943
117 942
117 935
117 937
117 940
117 945
118 935
118 938
118 943
119 935
119 937
119 940
120 942
120 943
121 944
122 935
122 940
122 943
123 944
123 943
124 937
124 940
125 942
125 935
125 936
125 937
125 949
125 943
126 937
127 935
127 940
127 949
127 943
128 941
128 942
128 943
129 941
129 937
129 943
130 944
130 943
131 950
131 943
132 941
132 946
132 947
132 948
133 945
134 941
134 947
134 948
135 951
135 952
135 953
135 954
135 955
135 938
136 941
136 943
136 945
137 943
137 945
138 941
138 942
138 947
138 948
138 943
139 943
140 935
140 937
140 940
141 946
141 947
141 948
142 942
142 937
142 940
143 943
144 941
144 944
144 935
144 937
144 938
144 940
144 943
144 945
145 944
145 942
145 938
146 941
146 935
146 936
146 937
146 939
146 946
146 947
146 948
146 940
146 949
146 943
146 945
147 946
147 947
147 948
147 945
148 941
148 944
148 942
148 939
148 940
149 935
149 943
150 941
150 944
150 942
150 936
150 946
150 947
150 948
150 943
150 945
151 944
151 936
151 937
151 938
151 946
151 948
151 943
151 945
152 937
152 940
153 944
154 942
155 942
155 943
156 935
156 943
157 944
158 935
158 940
158 943
159 935
159 943
159 945
160 941
160 935
160 936
160 946
160 947
160 948
161 941
161 935
161 937
161 947
161 948
162 941
162 935
162 943
163 935
164 943
165 944
165 942
165 935
165 937
165 940
165 943
166 941
166 944
166 935
166 939
166 943
167 935
167 939
167 940
167 945
168 938
168 943
169 942
169 943
170 956
170 942
170 957
171 935
171 937
171 940
171 943
172 944
172 945
173 935
173 940
173 945
174 941
174 944
174 942
174 935
174 937
174 946
174 947
174 940
174 949
174 943
174 945
175 942
175 943
176 941
176 946
176 948
176 943
177 943
178 935
178 940
178 943
179 935
179 939
179 940
179 943
179 945
180 938
181 941
181 942
181 935
181 936
181 937
181 940
181 943
182 944
182 936
182 943
183 944
183 937
183 943
184 941
184 935
184 936
184 946
184 948
184 940
185 942
186 935
186 940
187 941
187 948
188 941
188 946
188 947
188 948
189 942
189 935
189 943
190 935
190 943
191 945
192 942
192 943
193 935
193 940
193 943
194 942
194 943
195 941
195 944
195 935
195 937
195 938
195 946
195 947
195 948
196 942
197 942
197 943
198 935
198 937
199 943
200 941
200 942
200 946
200 947
200 948
200 943
201 936
201 943
202 935
202 937
203 943
204 942
204 935
204 937
204 940
204 949
204 943
205 936
205 943
206 944
206 942
206 935
206 937
206 943
206 945
207 944
208 941
208 937
208 946
208 947
208 948
209 944
209 936
210 935
211 942
211 935
212 942
212 938
212 943
213 935
214 944
214 935
214 940
215 943
216 941
216 935
216 937
216 938
216 946
216 947
216 948
216 940
216 943
217 940
218 943
219 942
219 943
220 944
220 942
220 937
220 940
220 943
221 935
221 940
221 943
222 942
222 935
222 940
222 943
223 942
223 943
223 945
224 941
224 935
224 937
224 947
224 940
224 943
225 942
225 936
225 943
226 941
226 935
226 937
226 947
226 948
226 940
227 935
227 938
227 939
227 943
227 945
228 935
228 943
229 944
229 943
230 944
230 942
231 944
231 942
231 937
231 943
232 943
233 941
233 944
233 935
233 937
233 946
233 947
233 948
233 940
233 943
233 945
234 942
235 935
235 936
235 937
236 941
236 936
236 943
237 943
237 945
238 941
238 942
238 936
238 946
238 947
238 948
238 943
238 945
239 935
239 937
240 941
240 944
240 935
240 937
240 938
240 946
240 947
240 948
240 940
240 943
240 958
241 935
241 943
242 944
242 945
243 935
243 937
243 940
243 943
244 942
244 935
244 937
244 940
244 943
245 940
246 935
246 937
247 935
248 938
249 944
249 959
249 960
249 961
249 962
250 935
250 937
250 940
251 935
251 936
251 937
251 940
251 943
252 943
252 945
253 936
253 943
254 935
254 940
254 943
255 935
255 937
255 938
255 940
256 935
256 940
257 935
257 937
257 940
258 944
258 938
258 943
259 942
259 935
259 938
259 940
259 943
259 945
260 947
260 948
261 941
261 946
261 947
261 948
262 944
262 940
263 943
264 941
264 943
265 942
265 943
266 942
266 943
267 941
267 942
267 935
267 937
267 946
267 948
267 940
267 943
268 963
268 964
269 944
269 958
270 944
270 940
270 943
271 944
271 943
272 941
272 937
272 946
272 947
272 948
273 943
274 936
274 943
275 943
276 943
277 944
277 938
277 943
278 944
278 938
279 943
280 943
281 940
282 936
282 938
283 935
283 943
284 941
284 944
284 942
284 935
284 937
284 938
284 946
284 947
284 948
284 940
284 949
285 941
285 946
285 947
285 948
286 942
286 936
286 943
287 941
287 944
287 942
287 935
287 937
287 938
287 946
287 947
287 948
287 940
287 943
288 942
288 943
289 942
289 935
290 935
290 936
291 935
292 941
292 943
293 943
293 945
294 935
294 943
295 935
296 941
296 946
296 947
296 948
296 940
296 943
296 945
297 937
297 940
297 943
298 942
298 935
298 937
298 938
298 946
298 947
298 948
298 943
299 942
299 935
300 938
300 943
301 944
301 943
302 944
303 935
304 943
305 940
306 943
306 945
307 942
307 935
307 937
307 940
307 943
308 942
309 941
309 935
309 946
309 947
309 948
309 943
310 935
310 943
311 940
311 943
312 943
313 942
313 936
313 943
314 935
314 939
314 943
315 935
315 937
315 940
316 935
316 940
317 935
318 935
319 944
319 942
319 940
319 943
319 945
320 941
320 944
320 935
320 937
320 946
320 947
320 948
320 940
320 943
321 941
321 946
321 947
321 948
321 949
322 937
323 941
323 943
324 949
325 941
325 943
326 941
326 936
326 943
327 937
327 940
327 943
327 945
327 958
328 943
329 935
329 940
329 943
330 944
331 936
332 943
332 945
333 944
333 935
333 943
334 936
334 943
335 944
335 943
335 945
336 942
337 944
337 936
337 940
338 936
339 935
339 937
339 939
339 940
339 945
340 941
340 944
341 935
342 935
342 936
343 936
343 940
344 941
344 943
345 941
345 942
345 935
345 936
345 937
345 946
345 947
345 948
345 940
345 949
345 943
345 945
346 938
346 940
346 943
347 935
347 943
348 941
348 935
348 940
348 943
349 942
349 938
349 943
350 936
350 945
351 944
351 937
351 943
352 935
353 943
353 945
354 936
354 943
355 942
355 935
355 939
355 946
355 948
355 940
355 943
356 935
356 937
356 940
356 943
357 937
358 941
358 946
358 947
358 940
358 943
359 941
359 944
359 940
359 943
359 945
360 942
361 949
362 936
362 945
363 942
363 943
364 941
364 942
364 937
364 940
364 945
365 943
366 945
367 941
367 935
367 947
367 948
368 935
368 940
368 943
369 944
369 942
369 935
369 937
369 940
369 943
369 945
370 935
370 943
371 935
371 943
372 944
372 935
372 938
372 943
373 944
374 965
374 966
375 935
375 937
375 940
376 941
376 940
376 943
377 935
377 937
377 940
378 941
378 935
378 936
378 937
378 946
378 947
378 948
378 940
378 943
378 945
379 943
380 944
380 942
380 945
381 942
381 935
381 939
382 944
382 938
383 943
384 941
384 937
384 943
385 937
385 940
385 943
386 941
386 942
386 937
386 943
387 942
387 943
388 935
388 940
389 942
389 940
390 935
390 943
391 942
391 943
392 944
392 943
393 941
393 946
393 947
394 941
394 943
395 942
395 935
395 940
395 943
396 941
396 944
396 942
396 947
396 948
396 940
396 943
397 937
397 940
398 935
398 940
398 943
399 935
399 940
400 943
401 944
401 943
402 935
402 937
402 940
403 942
404 935
405 943
406 935
406 937
406 940
407 938
407 940
407 943
408 939
408 943
409 935
409 943
410 941
410 942
410 935
410 937
410 946
410 947
410 948
410 940
410 943
411 941
411 938
411 946
411 947
411 948
411 940
412 942
412 945
413 935
413 940
414 935
414 936
414 937
414 940
415 941
415 936
415 943
416 937
416 940
416 943
417 942
417 943
417 945
418 944
418 942
418 943
419 942
419 943
420 941
420 935
420 937
420 938
420 946
420 947
420 948
420 940
420 943
420 945
421 941
421 948
422 943
422 945
423 935
423 943
424 943
425 944
425 943
426 940
426 943
427 942
427 943
428 941
428 935
428 937
428 940
429 938
430 935
430 940
431 942
431 938
431 943
432 935
432 937
433 935
433 943
434 936
435 935
435 943
436 937
436 945
437 944
437 938
438 941
438 944
438 942
438 939
438 946
438 940
439 935
439 937
439 940
439 943
439 945
440 942
440 935
440 936
440 940
440 943
441 935
441 940
442 936
442 943
443 945
444 943
445 940
445 945
446 935
446 936
447 940
448 945
449 944
450 942
450 935
451 935
451 937
451 945
452 935
452 939
452 943
453 942
453 935
454 941
454 935
454 937
454 946
454 947
454 948
454 943
455 935
455 940
455 943
456 943
457 935
457 940
457 943
458 935
458 937
458 940
459 944
459 943
460 942
460 935
460 937
460 943
461 942
461 935
461 943
462 935
462 943
463 938
463 943
464 944
464 935
464 943
465 943
466 941
466 944
466 935
466 937
466 943
467 948
467 943
467 945
468 943
469 944
469 935
469 943
470 944
470 942
471 944
472 937
473 935
473 937
473 940
474 935
474 943
474 945
475 944
475 935
475 937
475 938
475 939
475 940
475 949
476 935
477 944
477 936
478 935
478 940
478 943
479 941
479 942
479 946
479 940
479 949
479 943
480 941
480 944
480 937
480 947
480 949
480 943
480 945
481 942
481 935
481 937
482 943
483 935
483 946
483 947
483 948
483 940
483 943
484 944
484 935
485 967
485 968
486 942
487 944
488 944
489 944
489 942
489 943
490 943
491 944
491 938
492 942
492 935
493 942
493 938
494 941
494 946
494 947
494 948
494 943
495 937
496 935
497 942
497 935
497 936
497 938
497 943
498 939
498 940
499 941
499 935
499 946
499 947
499 948
499 940
500 941
500 935
500 946
500 947
500 948
501 943
502 937
502 943
503 938
503 943
503 945
504 936
504 943
505 935
506 941
506 944
506 935
507 935
508 941
508 935
508 946
508 947
508 948
509 944
509 943
510 941
510 944
510 942
510 935
510 936
510 937
510 946
510 947
510 948
510 940
510 943
511 935
511 937
512 935
512 937
512 943
513 941
513 942
513 935
513 937
513 946
513 947
513 940
513 943
514 943
515 942
515 943
515 945
516 942
516 945
517 941
517 935
517 937
517 946
517 947
517 948
517 940
517 943
518 942
518 943
519 941
519 937
519 945
520 942
520 940
520 943
520 945
521 941
521 942
521 943
522 937
522 943
523 937
523 943
524 935
524 937
524 940
524 943
525 942
525 935
525 937
525 940
526 939
526 943
527 941
527 943
528 949
528 943
529 949
530 940
531 935
531 937
531 940
531 943
532 944
533 935
534 935
534 937
534 940
535 935
535 937
535 943
536 942
536 943
537 940
538 941
539 944
539 943
539 945
540 944
540 938
540 943
541 939
542 943
542 945
543 941
543 946
543 948
543 940
543 943
543 945
544 942
544 935
544 940
544 943
545 944
545 942
545 943
546 938
546 940
547 944
548 935
549 941
549 935
549 946
549 947
549 948
549 943
550 942
550 935
550 940
550 943
550 945
551 941
551 944
551 935
551 937
551 939
551 946
551 947
551 940
552 940
553 944
553 942
554 935
555 935
555 943
556 969
556 970
556 971
556 972
556 973
556 974
556 975
556 976
557 941
557 946
557 947
557 948
558 935
558 940
558 943
559 942
559 937
559 940
559 943
560 943
561 936
561 943
562 935
562 937
562 938
562 940
562 943
563 943
564 941
564 942
564 935
564 937
564 940
565 941
565 937
565 943
566 944
567 941
567 935
567 936
567 937
567 948
567 940
567 943
568 944
568 943
569 941
569 942
569 935
569 937
569 940
569 943
570 943
571 944
571 935
571 937
571 938
571 940
572 935
572 937
572 943
573 942
573 943
574 941
574 947
575 941
575 942
575 946
575 948
575 943
576 941
576 942
576 935
576 940
576 943
577 935
578 944
578 943
579 943
580 935
580 937
580 940
581 941
581 942
581 935
581 946
581 947
581 948
581 940
581 943
581 945
582 942
582 937
582 946
582 947
582 948
582 943
582 945
583 935
584 941
584 942
584 935
584 946
584 947
584 940
584 949
584 943
585 935
585 943
586 935
587 941
587 943
588 935
588 940
589 944
589 935
589 937
590 935
590 940
591 935
591 940
592 935
592 937
593 937
593 943
594 942
594 943
595 942
595 935
595 937
595 940
595 943
596 941
596 939
596 946
597 935
597 937
597 940
597 949
597 943
597 945
598 943
599 941
599 935
599 947
599 948
600 944
600 943
601 944
601 942
601 943
602 942
602 943
603 938
603 943
604 943
605 942
605 940
606 937
606 940
607 940
608 947
608 948
608 940
609 941
609 935
609 936
609 947
609 948
610 940
610 943
611 938
611 943
612 944
613 944
613 942
613 935
613 937
613 938
613 940
613 943
613 945
614 942
615 943
616 942
616 935
616 937
616 940
616 949
616 943
616 945
617 941
617 942
617 943
618 938
618 943
619 941
619 944
619 942
619 935
619 936
619 937
619 938
619 946
619 947
619 948
619 943
620 941
620 937
620 943
621 938
621 943
622 943
623 942
623 943
624 944
624 935
625 935
626 935
626 937
626 940
627 938
628 936
628 958
629 941
629 942
629 935
629 937
629 946
629 947
629 948
629 940
630 943
631 935
632 942
632 943
633 941
633 938
633 947
633 948
633 940
633 943
634 938
634 943
635 935
635 936
635 943
636 944
637 943
638 943
638 945
639 935
639 943
640 935
640 943
641 941
641 942
641 935
641 947
641 948
641 940
641 943
641 945
642 937
642 938
642 943
643 942
643 935
643 937
643 940
643 943
644 941
644 935
644 937
644 946
644 947
644 948
644 949
644 943
645 942
645 935
645 937
645 943
646 942
646 937
647 935
647 936
647 940
647 943
647 945
648 936
648 943
649 937
649 943
650 941
650 935
650 936
650 938
650 939
650 940
650 943
651 935
651 936
651 938
651 940
651 943
652 942
652 937
652 943
653 941
653 942
653 936
653 946
653 947
653 948
653 940
654 937
654 940
655 944
656 941
656 944
656 942
656 935
656 937
656 946
656 947
656 948
656 940
656 949
657 941
657 944
657 942
657 937
657 946
657 947
657 948
657 940
657 943
658 938
658 943
659 944
660 937
661 941
661 935
661 947
661 948
661 940
661 943
661 945
662 940
662 943
663 936
664 941
664 936
664 940
664 943
665 935
665 937
665 940
666 941
666 935
666 936
667 942
667 935
667 939
667 940
667 943
668 935
668 938
668 940
668 943
669 943
670 944
670 943
670 945
671 944
671 936
672 935
672 937
672 940
672 945
673 940
673 943
674 935
674 937
675 943
676 935
676 936
676 937
676 939
676 940
676 943
677 935
677 940
678 944
678 943
679 949
680 949
681 949
682 941
682 946
682 947
683 937
683 939
683 940
683 943
684 944
684 943
685 942
685 943
686 941
686 942
686 935
686 937
686 946
686 948
687 941
687 935
687 937
687 940
687 943
688 941
688 935
688 940
688 943
689 944
689 977
689 978
689 979
689 980
689 981
689 982
689 945
690 944
690 943
691 941
691 937
691 940
692 942
692 935
692 937
692 943
693 938
693 943
694 941
694 935
694 940
694 943
695 943
696 944
696 943
697 941
697 937
697 946
697 947
697 948
697 943
698 944
698 937
698 943
699 941
699 935
699 937
699 946
699 947
699 948
699 940
699 943
699 945
700 942
700 937
700 940
700 943
701 943
702 943
702 945
703 942
703 935
703 937
703 940
704 944
704 942
704 940
704 943
704 945
705 935
705 937
705 940
705 945
706 935
706 943
707 942
708 941
708 946
708 947
708 948
708 943
709 944
709 945
710 943
710 945
711 944
711 938
711 943
712 941
712 947
712 948
713 944
713 942
713 943
714 935
714 937
714 940
715 935
715 937
715 943
716 944
716 935
716 943
717 936
717 940
718 935
718 936
719 944
719 943
720 943
721 944
721 936
721 943
721 945
722 943
723 944
723 943
724 944
724 938
725 941
725 935
725 936
725 937
725 940
725 949
725 943
726 941
726 937
726 940
726 943
727 936
727 937
727 940
727 943
728 936
728 937
729 941
729 942
729 935
729 940
730 941
730 935
730 943
731 983
731 984
731 985
732 941
732 935
732 940
732 945
733 937
733 938
734 943
735 940
736 942
736 935
736 937
736 943
737 935
737 937
738 938
739 941
739 942
739 935
739 937
739 947
740 943
741 946
741 947
741 948
742 935
742 940
742 943
743 944
743 945
744 941
744 946
744 947
744 948
744 943
745 935
745 937
745 940
745 945
746 937
746 938
746 940
747 938
748 936
748 943
749 936
750 942
751 936
751 943
752 937
753 942
753 937
753 940
753 943
754 944
754 935
754 943
755 943
756 986
756 942
757 942
757 935
757 940
757 943
758 935
758 940
758 949
758 943
759 942
759 943
760 943
761 944
761 942
761 943
762 944
763 940
764 944
764 938
765 938
765 943
766 941
766 942
766 935
766 937
766 946
766 947
766 948
767 944
767 943
768 935
768 937
768 943
769 935
769 937
769 939
769 945
770 944
770 935
770 943
770 945
771 938
772 944
772 942
772 935
772 936
772 937
772 938
772 940
772 943
773 935
773 937
774 939
774 943
775 938
775 943
776 941
776 947
777 942
777 935
777 939
777 940
777 943
778 937
778 940
778 943
779 942
779 935
779 936
780 935
781 942
781 943
782 942
782 935
782 936
782 940
783 941
784 935
784 940
784 943
785 942
785 938
785 943
786 944
786 938
786 945
786 958
787 936
787 943
788 944
788 937
788 940
788 943
789 943
790 938
790 958
791 942
791 935
791 940
791 943
792 935
792 937
792 943
793 937
794 935
794 938
794 940
794 943
795 942
795 935
795 937
795 940
795 943
796 935
796 937
796 943
797 941
797 935
797 937
797 947
797 948
797 940
797 943
798 941
798 946
798 947
798 943
799 935
799 936
799 940
800 935
800 943
801 945
802 941
802 942
802 935
802 937
802 938
802 946
802 948
802 940
802 943
803 939
803 949
804 940
804 943
805 942
805 938
806 941
806 937
806 940
806 943
807 942
808 944
808 935
808 940
809 944
809 943
810 942
810 935
810 937
811 943
812 944
812 940
813 944
813 942
813 940
814 938
814 943
815 944
815 943
816 942
816 935
816 937
816 940
816 943
817 942
817 943
818 935
818 937
819 944
819 943
820 943
821 938
822 937
822 940
822 945
823 943
823 945
824 942
824 936
825 987
825 945
826 943
827 943
828 943
828 945
829 944
829 937
829 943
830 937
830 943
831 943
832 944
832 942
832 943
833 940
834 937
834 943
835 937
835 940
835 949
835 943
836 936
837 935
837 976
837 940
838 935
838 936
838 940
839 942
839 935
839 988
839 989
839 938
839 940
839 943
839 945
840 941
840 944
840 942
840 935
840 937
840 943
840 945
841 935
841 943
842 935
842 940
843 942
843 935
843 937
843 940
843 943
844 941
845 935
845 940
846 945
847 935
847 943
848 935
848 937
849 937
850 940
851 936
851 945
852 941
852 937
852 943
853 942
853 943
854 942
854 935
855 944
856 937
856 940
856 943
857 936
858 938
858 943
859 935
859 938
859 943
860 942
860 935
860 943
860 945
861 941
861 942
861 935
861 937
861 946
861 947
861 948
861 940
861 949
862 943
863 941
863 942
863 935
863 937
863 938
863 946
863 947
863 948
863 940
863 949
863 943
864 941
864 937
864 940
864 943
865 937
865 940
866 943
867 990
867 991
868 938
868 943
869 938
869 943
870 938
870 943
871 938
871 940
872 941
872 942
872 937
872 940
872 943
873 937
873 940
873 943
874 944
874 942
874 943
875 944
875 942
875 935
875 937
875 946
875 947
875 948
875 940
875 949
876 941
876 942
876 939
876 946
876 947
876 949
876 943
877 944
877 942
877 935
877 940
877 943
878 937
878 940
879 944
879 943
879 945
880 946
880 947
880 948
880 943
881 935
881 940
881 943
882 935
882 937
882 938
882 943
883 944
883 942
883 987
883 992
883 937
883 993
883 971
883 946
883 947
883 948
883 940
883 949
883 943
883 945
884 941
884 942
884 935
884 940
884 943
885 944
885 943
886 944
886 942
886 938
886 940
886 943
886 945
887 942
887 935
887 936
887 938
887 940
887 945
888 937
888 938
888 943
889 943
890 935
890 940
891 935
892 942
892 935
893 941
893 942
893 935
893 939
893 946
893 948
893 940
893 949
893 945
894 942
895 944
895 935
895 937
895 939
895 945
896 944
896 943
896 945
897 938
897 940
898 941
898 940
899 943
900 936
900 943
901 936
901 943
902 944
902 935
903 944
903 935
903 938
903 943
903 958
904 942
904 936
904 943
905 942
905 935
905 937
905 940
906 938
906 945
907 937
907 943
908 935
908 940
909 944
909 942
909 943
910 942
910 936
910 940
910 945
911 943
912 942
912 943
913 942
913 937
913 940
913 949
913 943
914 944
915 944
915 943
916 941
916 935
916 937
916 938
916 947
916 948
916 940
916 943
917 941
917 935
917 937
917 943
918 936
918 943
919 943
920 942
920 937
920 940
920 943
921 944
921 942
921 935
921 937
921 949
921 943
922 938
923 944
923 943
924 941
924 946
924 947
924 948
925 941
925 935
925 946
925 947
925 948
925 943
926 941
926 944
926 942
926 935
926 937
926 946
926 947
926 940
926 945
927 944
927 935
927 938
927 939
927 949
927 945
928 949
928 945
929 941
929 937
929 946
929 947
929 948
929 940
930 935
930 937
931 936
931 938
932 935
932 936
933 935
933 937
933 940
934 937
934 943
