0 884
0 885
0 890
0 892
0 893
1 885
2 884
2 895
2 885
3 895
3 896
3 885
4 897
4 895
4 885
5 895
6 887
6 891
6 892
7 884
8 885
8 899
9 899
10 896
10 898
11 900
11 899
12 899
12 891
13 897
13 899
13 886
13 890
13 893
14 899
14 891
15 897
16 897
16 899
17 899
18 899
19 896
19 898
20 894
21 884
21 885
22 897
22 895
22 885
22 899
22 886
22 901
22 888
22 889
22 891
22 892
22 893
23 896
23 899
24 885
25 884
25 899
25 898
26 884
26 885
27 884
27 899
28 899
28 898
29 899
30 897
30 899
30 901
30 894
30 890
30 898
31 897
31 899
32 884
32 899
32 890
32 898
33 897
34 897
35 884
35 900
35 895
35 885
35 899
36 900
36 899
37 884
37 897
37 887
37 894
37 889
37 890
37 892
37 898
38 887
38 889
39 884
40 899
40 894
40 889
40 890
40 891
41 885
42 897
42 899
43 897
43 895
43 896
43 894
44 895
44 899
44 890
44 898
45 899
45 890
45 891
45 898
46 886
46 888
46 890
46 893
46 898
47 899
47 890
47 898
48 900
48 895
48 890
48 898
49 894
50 900
50 899
51 895
51 890
51 898
52 896
53 899
53 887
53 889
53 891
54 899
54 890
55 890
55 898
56 897
56 895
56 890
56 898
57 900
57 899
57 891
58 890
58 898
59 897
59 899
59 890
59 898
60 900
60 885
60 899
61 896
61 890
62 885
62 899
63 885
63 899
63 887
63 888
63 889
63 890
63 892
63 893
63 898
64 899
64 894
65 887
65 889
65 891
66 899
66 898
67 897
67 899
68 886
68 887
68 888
68 889
68 891
68 892
69 890
70 884
70 891
71 899
71 889
71 890
71 891
71 898
72 890
72 898
73 885
73 899
73 886
73 887
73 888
73 889
73 891
73 892
73 893
74 895
74 899
74 890
74 898
75 890
75 898
76 890
77 897
77 895
77 899
77 887
77 889
77 890
77 891
77 892
78 899
79 890
79 898
80 890
80 898
81 895
81 899
81 898
82 897
82 899
83 890
83 898
84 899
84 898
85 898
86 899
87 890
87 898
88 897
88 899
88 887
88 889
88 890
88 891
88 892
88 898
89 900
89 887
89 894
89 890
89 891
89 892
89 898
90 897
90 899
91 897
91 895
91 901
92 899
92 891
93 899
93 890
93 891
93 898
94 897
94 899
94 898
95 887
95 889
95 892
96 899
97 886
97 888
97 893
98 885
99 896
99 887
99 889
99 891
99 892
100 884
100 899
101 897
101 899
101 898
102 897
102 885
102 899
102 887
102 894
102 889
102 890
102 891
102 892
102 898
103 897
103 899
103 891
103 898
104 898
105 897
105 895
105 885
106 900
106 897
106 899
106 890
106 898
107 899
108 895
109 899
109 898
110 900
110 899
111 900
111 897
111 899
111 901
112 900
112 899
112 898
113 885
114 897
114 899
114 890
115 885
115 899
115 887
115 889
115 890
115 891
115 892
116 897
116 890
117 884
117 899
118 897
118 899
119 900
119 901
119 898
120 899
121 899
121 890
121 898
122 884
122 899
123 898
124 884
124 885
124 899
125 886
125 888
125 893
126 890
126 898
127 899
127 894
127 890
127 891
127 898
128 898
129 900
129 897
129 885
129 899
129 901
129 887
129 889
129 890
129 891
129 892
129 898
130 896
130 898
131 899
132 896
132 899
132 891
133 897
133 899
133 887
133 888
133 889
133 891
133 892
133 893
134 899
134 898
135 890
136 885
137 899
138 898
139 899
139 890
139 898
140 899
141 897
141 895
141 899
141 898
142 885
143 899
143 898
144 900
144 899
144 887
144 889
144 891
145 895
145 899
146 897
146 899
147 895
147 899
148 890
148 898
149 899
149 898
150 899
151 893
152 899
152 898
153 899
153 890
153 898
154 899
154 898
155 885
155 899
156 899
157 886
157 901
157 893
158 900
158 899
159 897
159 885
159 899
160 897
161 884
161 897
162 899
162 887
162 894
162 889
162 891
162 892
163 885
163 890
164 901
164 898
165 887
165 889
165 891
166 898
167 900
167 899
167 898
168 899
169 897
170 899
170 889
170 891
170 892
171 899
171 898
172 900
172 897
172 899
172 898
173 899
173 887
173 889
173 890
173 891
173 892
174 899
175 895
176 897
176 890
177 900
177 899
178 899
178 898
179 897
179 899
179 890
179 898
180 885
181 900
181 899
182 897
182 899
183 887
183 889
183 892
183 898
184 900
184 897
184 895
184 885
184 899
184 890
184 898
185 899
186 899
187 897
188 885
189 899
190 889
191 897
191 895
191 899
191 887
191 889
191 891
191 892
192 890
192 898
193 890
193 898
194 899
194 891
194 898
195 899
195 898
196 890
196 898
197 897
197 896
197 899
198 890
199 884
199 897
199 899
200 885
201 897
201 899
201 890
201 898
202 896
202 899
202 889
202 890
202 891
202 892
202 898
203 885
203 899
203 886
203 888
203 893
204 884
204 899
205 899
205 898
206 900
206 897
206 899
206 891
206 898
207 896
207 890
208 895
209 900
209 899
210 900
210 895
210 899
210 890
210 898
211 900
211 897
211 887
211 894
211 889
211 892
211 898
212 885
212 899
213 897
213 886
213 893
213 898
214 897
215 900
215 899
215 894
215 891
216 898
217 890
218 899
218 890
219 901
219 887
219 889
219 891
219 892
220 900
220 886
220 894
220 888
220 890
220 898
221 899
221 887
221 889
221 891
221 892
222 885
222 899
223 899
224 884
224 899
225 890
225 898
226 896
226 887
226 889
226 890
226 891
226 892
226 898
227 884
227 885
228 899
228 891
229 899
230 897
230 899
230 890
230 898
231 885
231 899
231 886
231 888
231 890
231 898
232 897
232 896
232 899
232 887
232 894
232 890
232 891
232 892
232 898
233 899
234 897
234 899
235 900
235 897
235 895
235 885
235 899
235 894
235 889
235 890
235 891
235 898
236 885
237 890
238 897
238 899
239 900
239 897
239 894
239 889
239 892
239 898
240 886
240 888
240 893
241 890
241 898
242 897
242 895
242 890
243 897
244 895
244 899
244 898
245 900
246 884
246 899
247 900
247 897
247 895
247 896
247 886
247 887
247 888
247 889
247 892
247 898
248 899
249 899
249 894
249 890
249 898
250 900
250 899
250 901
251 900
251 887
251 894
251 889
251 891
251 892
251 898
252 899
252 898
253 897
253 899
253 898
254 884
254 885
254 898
255 895
255 899
256 900
256 897
256 896
257 900
257 899
258 890
258 898
259 887
259 889
259 891
259 892
260 895
260 899
260 894
260 898
261 884
261 885
262 899
263 884
263 900
263 897
263 896
263 885
263 899
263 886
263 901
263 894
263 888
263 889
263 890
263 891
263 892
263 893
263 898
264 884
264 900
264 895
264 885
264 899
264 889
264 890
264 891
264 892
265 885
266 899
267 897
267 896
267 899
267 898
268 899
269 899
269 898
270 897
270 885
270 899
270 890
270 898
271 899
271 890
271 891
271 898
272 899
272 887
272 891
272 892
273 899
273 898
274 897
274 894
274 890
274 898
275 899
275 890
276 899
277 896
277 899
277 890
278 899
278 887
278 889
278 892
279 895
279 899
279 901
279 890
280 899
281 890
282 897
282 899
283 899
284 897
284 895
284 899
285 899
286 899
287 897
287 899
287 890
287 898
288 899
289 890
290 899
290 889
290 891
290 892
291 897
291 895
291 899
291 894
291 890
292 884
292 897
292 899
292 890
292 891
292 892
292 898
293 884
293 897
294 885
294 899
295 885
295 898
296 897
296 885
296 898
297 885
297 899
297 894
298 899
298 890
298 898
299 897
300 885
301 901
302 885
302 899
302 890
303 890
303 898
304 898
305 897
306 899
307 897
308 895
308 885
308 898
309 899
309 890
310 884
310 899
311 885
312 898
313 895
313 899
314 900
314 897
314 895
314 885
314 899
314 886
314 887
314 894
314 888
314 890
314 891
314 892
314 893
314 898
315 899
315 901
315 890
315 898
316 884
316 897
316 899
317 900
317 899
318 897
318 899
318 890
319 895
320 899
320 898
321 887
321 889
321 891
321 892
322 900
322 895
323 899
323 898
324 897
324 895
324 887
324 894
324 890
324 891
324 892
324 898
325 896
325 899
326 896
326 899
327 896
327 890
328 899
329 900
329 897
329 885
329 894
329 890
330 885
330 890
331 897
331 899
331 890
331 898
332 900
332 897
332 885
332 899
333 900
333 897
333 895
333 899
333 894
333 890
333 898
334 895
334 899
334 887
334 894
334 889
334 892
335 884
335 885
335 899
336 897
336 895
336 899
336 890
337 885
337 899
338 885
338 899
339 899
340 895
340 899
341 884
341 901
341 890
341 898
342 884
342 897
342 895
342 896
342 899
342 890
342 891
342 898
343 884
343 896
344 896
344 899
345 897
345 895
345 898
346 898
347 897
348 890
348 898
349 898
350 890
350 898
351 885
352 898
353 885
353 902
353 894
354 900
354 899
355 897
355 885
355 890
356 897
356 895
356 899
357 885
357 899
358 890
359 899
359 890
360 884
360 899
361 899
362 884
363 897
363 895
363 896
363 899
363 898
364 886
364 888
365 885
366 890
366 898
367 897
367 899
367 887
367 891
367 892
368 900
368 897
368 896
368 885
368 899
368 901
368 887
368 894
368 889
368 890
369 900
369 899
370 896
370 890
371 896
372 899
373 897
373 899
373 891
374 900
374 899
375 899
376 896
376 899
376 887
376 889
376 890
376 892
377 884
377 899
378 884
379 884
379 890
380 899
380 894
380 890
380 898
381 896
382 896
382 899
383 900
383 885
383 899
384 896
385 901
385 894
385 889
385 890
385 891
385 898
386 899
387 889
387 890
387 891
387 892
388 885
388 899
389 897
389 899
389 886
389 894
389 890
390 898
391 899
392 895
392 894
393 898
394 897
394 895
394 899
394 890
394 898
395 897
395 895
395 886
395 888
395 889
395 890
395 892
395 893
395 898
396 887
396 889
396 890
397 900
397 899
398 903
398 904
398 905
398 906
398 900
398 907
398 908
398 909
398 885
398 910
398 911
398 912
399 900
399 898
400 913
400 914
400 915
401 899
401 891
402 884
402 900
402 897
402 895
402 896
402 899
402 887
402 889
402 892
403 891
404 916
404 917
404 918
404 919
404 920
404 885
404 921
404 894
404 922
405 923
405 884
405 900
405 895
405 896
405 885
405 924
405 886
405 925
405 901
405 888
405 890
405 893
405 898
406 926
406 927
406 928
406 929
406 930
406 884
406 931
407 932
407 933
407 934
407 935
407 936
407 899
407 937
407 890
407 938
408 939
408 896
408 887
408 891
408 892
408 898
409 897
409 899
409 887
409 890
409 891
409 892
409 898
410 940
410 884
410 900
411 885
411 899
411 887
411 890
411 892
411 898
412 900
412 885
413 900
413 885
413 899
414 899
415 899
416 895
416 899
416 890
416 898
417 900
417 899
418 900
418 897
418 895
418 898
419 885
419 899
420 897
420 890
420 891
420 898
421 897
422 886
422 888
422 893
423 891
424 899
425 900
425 898
426 896
427 896
427 899
427 887
427 889
427 891
428 890
428 891
429 897
429 895
429 890
429 898
430 890
431 900
431 899
432 890
433 896
433 899
434 897
434 899
434 887
434 889
434 890
434 892
434 898
435 897
435 895
435 899
435 886
435 888
435 891
435 893
435 898
436 900
436 897
436 896
436 899
436 889
436 891
436 892
437 900
438 896
438 894
439 897
439 895
439 896
439 899
440 885
440 899
440 891
441 899
441 890
441 898
442 899
442 887
442 889
442 890
442 891
442 898
443 900
443 885
443 899
443 890
443 891
443 898
444 896
444 898
445 896
445 899
446 895
446 899
446 901
446 894
446 890
446 898
447 899
448 890
449 899
450 897
451 898
452 897
452 899
453 890
453 898
454 895
454 885
454 899
454 898
455 897
455 899
455 894
455 890
455 898
456 884
456 899
457 885
457 899
458 897
458 885
458 899
459 886
459 888
459 890
459 893
459 898
460 899
460 890
460 898
461 899
461 894
462 899
463 897
463 895
463 899
463 894
464 897
464 899
464 887
464 892
465 897
465 894
465 890
465 898
466 900
466 885
467 891
468 900
468 885
469 896
469 899
470 900
470 897
470 896
470 899
470 887
470 889
470 891
470 892
471 887
471 889
471 892
472 885
472 899
473 900
473 897
473 885
473 899
474 885
475 897
475 899
475 886
475 887
475 894
475 888
475 889
475 890
475 891
475 892
475 893
475 898
476 897
476 895
476 899
476 887
476 894
476 890
476 891
476 892
476 898
477 900
478 884
478 900
478 897
478 895
478 885
478 899
478 887
478 894
478 889
478 890
478 891
478 892
478 898
479 886
479 901
479 887
479 888
479 891
479 892
479 893
480 885
480 899
480 890
480 898
481 895
481 899
482 897
482 899
483 899
483 898
484 897
485 885
485 899
486 885
486 899
487 890
487 898
488 898
489 898
490 900
490 895
490 899
490 890
490 898
491 884
491 899
492 897
492 895
492 899
492 894
493 900
493 899
494 899
495 884
495 899
495 890
496 900
496 899
496 890
496 898
497 894
497 890
497 898
498 896
498 899
499 890
500 899
501 897
501 887
501 889
501 891
502 900
502 885
502 899
502 901
502 890
502 898
503 884
503 891
504 896
505 896
505 899
506 899
507 899
507 890
507 891
508 884
508 885
509 900
509 885
509 899
510 900
510 897
510 896
510 899
510 890
510 898
511 896
511 890
511 898
512 890
513 900
513 897
513 899
513 890
513 891
514 884
514 899
515 896
515 899
515 891
516 897
516 899
517 898
518 890
519 895
519 896
519 899
519 891
519 898
520 897
520 895
520 885
520 899
521 895
521 899
521 887
521 889
521 890
521 891
521 892
521 898
522 896
522 899
523 899
523 890
523 898
524 899
525 886
525 888
526 888
526 890
526 893
527 890
527 898
528 890
529 900
529 890
530 896
531 897
532 899
532 901
533 890
534 899
535 900
536 899
537 897
537 895
537 899
538 890
539 887
539 889
539 891
539 892
540 900
541 900
541 899
542 890
542 891
543 899
544 897
545 897
545 899
546 897
546 899
546 891
547 895
548 893
549 899
549 890
549 891
550 900
550 899
551 887
551 889
551 891
551 892
552 897
552 895
553 888
554 900
554 899
555 899
555 890
555 898
556 897
556 896
557 899
557 891
558 896
558 899
558 894
559 896
559 899
560 886
560 901
560 893
561 885
562 900
562 899
563 884
563 899
564 896
564 894
565 899
565 887
565 889
565 891
565 892
566 890
566 898
567 899
567 898
568 897
568 899
569 887
569 889
569 891
570 897
570 899
571 899
571 894
572 890
573 897
573 886
573 888
573 890
573 893
573 898
574 899
574 889
574 891
574 892
575 885
576 898
577 898
578 897
578 899
579 890
580 884
581 896
582 900
582 885
583 886
583 888
583 893
584 897
584 899
585 897
585 895
585 899
585 890
586 899
587 897
587 895
587 899
587 894
588 885
589 897
590 897
590 899
591 899
592 896
592 890
592 898
593 897
593 885
593 899
593 894
594 900
594 885
595 897
595 899
596 897
596 895
597 900
597 899
597 891
597 898
598 897
598 898
599 896
600 890
601 898
602 884
602 896
603 899
604 896
604 899
604 890
604 891
605 891
605 898
606 884
606 897
606 899
607 940
608 900
608 897
608 894
608 890
608 898
609 896
609 887
609 889
609 890
609 891
609 892
609 898
610 899
610 887
610 888
610 889
610 890
610 891
610 892
610 893
611 887
611 889
611 891
611 892
611 898
612 890
613 897
613 899
614 884
614 897
614 895
614 885
614 899
614 886
614 888
614 890
615 899
615 890
615 891
615 898
616 884
616 899
617 900
617 897
617 896
617 886
617 888
617 889
617 891
617 892
617 893
618 900
618 897
618 895
618 899
619 884
619 897
619 895
619 885
620 897
620 896
620 885
620 886
620 888
620 898
621 885
621 899
622 900
622 890
622 898
623 896
624 901
625 897
625 899
625 898
626 889
626 891
626 892
627 897
627 885
627 899
628 897
628 899
628 890
628 898
629 898
630 896
630 885
630 899
631 887
631 889
631 891
631 892
632 884
632 897
632 896
632 899
632 890
632 898
633 884
633 899
634 884
634 900
634 885
634 901
634 888
634 890
634 893
634 898
635 897
636 895
636 896
636 885
636 899
637 899
637 890
638 884
638 896
639 887
639 889
639 890
639 892
640 900
640 886
640 888
640 893
641 897
642 897
642 899
643 891
644 940
644 900
644 898
645 897
645 899
645 890
645 898
646 899
646 891
647 890
647 898
648 899
649 885
649 899
650 885
650 899
651 897
651 896
651 899
651 891
651 898
652 897
652 898
653 894
654 900
654 885
654 886
654 894
654 888
654 893
654 898
655 884
655 900
656 899
656 887
656 889
656 892
657 887
657 889
657 891
657 892
658 900
658 897
658 895
658 885
658 901
658 890
658 891
658 898
659 884
659 900
660 898
661 900
661 897
661 895
661 899
661 894
661 890
661 898
662 891
663 886
663 888
663 893
664 899
664 898
665 899
666 884
666 897
666 895
666 890
666 898
667 897
667 890
667 898
668 895
668 899
668 886
668 901
668 887
668 888
668 889
668 890
668 891
668 893
668 898
669 897
669 895
669 899
669 886
669 887
669 894
669 888
669 889
669 890
669 891
669 892
669 893
669 898
670 897
670 899
671 899
672 884
672 897
672 885
672 890
673 884
673 885
674 897
674 899
675 899
676 900
676 885
676 899
677 899
678 900
678 897
678 895
678 885
678 899
678 890
678 891
679 884
679 885
679 899
680 895
680 885
681 889
681 891
681 892
682 884
682 898
683 884
683 885
683 899
683 890
683 898
684 896
684 885
684 889
684 891
684 892
684 898
685 890
685 898
686 897
686 895
686 899
687 896
687 885
687 899
688 900
688 897
688 895
688 885
688 899
689 897
690 885
691 885
692 899
692 898
693 899
694 884
694 897
694 895
694 899
694 894
694 889
694 890
694 891
694 892
695 885
695 899
695 898
696 887
696 889
696 890
696 891
696 892
697 895
697 899
698 885
698 899
699 884
699 896
700 900
700 899
700 890
700 898
701 884
701 885
701 899
701 887
701 894
701 890
701 891
701 898
702 897
702 895
703 896
704 898
705 900
705 895
705 899
705 898
706 884
706 899
706 894
706 889
706 892
706 898
707 885
708 884
709 896
709 899
710 885
710 899
710 894
711 896
711 898
712 885
712 899
712 890
713 899
713 894
713 890
713 898
714 897
714 895
714 890
714 898
715 899
715 887
715 894
715 891
715 892
715 898
716 897
716 899
716 890
716 898
717 884
717 899
717 898
718 899
718 901
719 899
719 898
720 884
720 897
720 887
720 891
720 892
720 898
721 899
722 885
723 899
723 890
724 897
724 899
724 890
725 884
726 895
726 899
727 884
727 895
727 885
727 886
727 901
727 894
727 888
727 890
727 893
727 898
728 884
729 899
730 890
731 897
731 899
731 894
731 889
731 890
731 891
731 892
731 898
732 900
732 899
733 897
733 899
734 884
734 900
734 891
735 897
735 899
735 898
736 897
736 899
736 891
737 899
737 890
738 900
738 897
738 895
738 885
738 899
738 887
738 894
738 888
738 889
738 890
738 891
738 892
738 893
739 900
739 899
739 890
739 898
740 891
741 897
741 899
742 884
742 895
742 898
743 897
743 885
744 899
744 890
744 898
745 884
745 885
745 899
745 890
745 898
746 897
746 899
746 886
746 894
746 889
746 890
746 891
746 892
746 898
747 899
747 901
747 898
748 887
748 889
748 891
748 892
748 898
749 900
749 895
749 899
749 886
749 888
749 890
749 893
749 898
750 896
750 899
750 890
751 899
751 890
751 898
752 884
752 896
752 899
752 901
752 890
752 891
752 898
753 897
753 896
753 899
753 889
753 890
753 891
753 892
753 898
754 890
754 898
755 885
756 894
756 890
757 897
757 895
757 899
757 887
757 894
757 890
757 892
758 900
758 897
758 895
758 899
758 887
758 894
758 889
758 890
758 891
758 892
758 898
759 884
759 899
760 897
760 887
760 889
760 890
760 891
761 895
761 885
761 899
761 891
762 884
762 897
762 899
762 898
763 884
764 884
764 897
765 900
765 885
765 899
765 890
766 897
766 896
766 899
766 890
766 898
767 899
767 898
768 885
768 899
769 885
770 940
770 884
771 884
771 899
771 898
772 897
772 899
772 887
772 889
772 890
772 891
772 898
773 895
773 899
774 900
774 899
775 898
776 887
776 894
776 889
776 891
776 892
777 884
777 899
778 900
778 897
778 895
778 886
778 901
778 894
778 890
778 891
778 898
779 899
780 900
780 897
780 895
780 885
780 901
780 887
780 894
780 888
780 890
780 892
780 893
780 898
781 897
781 895
781 899
781 898
782 899
782 890
783 897
784 884
784 898
785 899
785 891
786 897
786 896
787 884
787 900
787 897
787 894
787 890
787 898
788 895
788 899
788 891
789 940
789 899
790 900
790 898
791 900
791 899
791 890
792 884
792 885
792 899
792 890
793 885
793 894
794 900
794 897
794 899
794 890
795 897
795 899
795 887
795 889
795 891
795 892
795 898
796 899
797 900
797 897
797 899
798 885
799 897
800 896
800 899
801 887
801 889
802 899
802 891
803 890
803 898
804 884
804 899
805 899
805 887
805 889
805 890
805 891
805 892
806 884
806 896
807 896
807 885
808 900
808 896
808 887
808 889
808 890
808 891
808 892
809 900
809 897
809 895
809 885
809 899
810 899
810 898
811 899
812 899
813 898
814 900
814 897
815 885
815 899
816 896
816 894
817 897
817 895
817 896
817 885
817 891
818 897
818 895
818 885
818 899
818 901
818 887
818 888
818 889
818 892
818 893
819 897
820 895
821 900
821 897
821 885
821 899
822 899
822 890
822 891
822 898
823 899
823 890
824 885
824 899
824 887
824 889
824 890
824 891
825 900
825 899
826 896
826 885
827 899
827 891
828 887
828 889
828 891
828 892
829 896
829 899
829 886
829 888
829 890
829 893
829 898
830 896
831 899
832 896
833 896
833 899
833 898
834 885
834 899
834 887
834 889
834 891
835 899
835 891
836 884
836 899
837 896
837 899
837 898
838 897
838 885
838 899
838 891
839 898
840 887
840 891
841 898
842 887
842 889
842 891
843 894
844 886
844 888
844 893
845 890
846 884
846 899
847 901
847 890
847 898
848 899
848 890
848 891
848 898
849 897
849 895
849 899
849 894
850 891
851 884
851 900
851 897
851 895
851 899
852 887
852 891
852 892
853 896
853 899
853 891
854 899
854 898
855 899
856 887
856 889
856 891
857 896
858 895
858 896
858 899
859 900
859 899
860 897
860 899
861 896
861 899
861 887
861 889
861 890
861 898
862 890
863 900
863 899
864 900
864 897
864 899
864 887
864 889
864 890
864 891
865 895
865 899
866 896
866 885
866 899
867 896
867 899
868 891
869 900
869 897
869 896
870 884
870 896
870 899
870 890
870 898
871 900
871 899
871 891
872 890
872 898
873 895
873 899
873 890
874 899
874 890
875 897
875 896
875 885
875 899
875 887
875 894
875 889
875 892
875 898
876 884
876 900
876 897
876 899
876 887
876 892
876 898
877 897
877 890
878 899
879 897
879 895
879 885
879 899
880 884
880 900
880 885
881 941
881 942
881 943
881 944
881 945
881 946
881 947
881 948
881 949
881 950
881 951
882 952
882 953
882 884
882 900
882 897
882 954
882 895
882 885
882 955
882 956
882 957
882 898
883 884
883 885
883 899
