0 935
0 937
0 938
1 941
1 942
1 935
1 936
1 938
1 940
1 943
2 936
3 942
3 936
4 941
4 943
5 944
5 935
6 935
7 936
8 942
8 939
8 940
8 943
9 942
9 938
9 940
9 943
9 945
10 946
10 947
10 948
10 943
11 936
11 943
12 941
12 935
12 936
12 937
12 946
12 947
12 948
12 940
13 941
14 941
14 943
15 941
15 935
15 937
15 946
15 948
15 940
15 949
15 943
16 949
17 942
17 943
18 943
19 941
19 942
19 935
19 936
19 937
19 938
19 946
19 947
19 948
19 940
19 943
20 944
20 936
20 943
21 936
21 938
22 941
22 946
22 947
22 948
23 943
23 945
24 944
24 935
24 936
24 937
24 946
24 947
24 948
24 940
24 945
25 935
25 937
25 946
25 947
25 948
25 940
25 943
26 943
27 941
27 944
27 942
27 943
28 942
28 936
29 935
29 937
29 943
30 941
30 935
30 937
30 940
30 943
31 935
31 937
31 940
31 949
31 943
32 942
32 935
32 937
32 943
33 936
33 945
34 935
34 937
34 940
34 943
35 935
35 940
35 943
36 937
36 939
36 940
37 947
37 948
38 941
38 935
38 940
38 943
39 942
39 935
39 937
39 940
39 943
40 940
41 935
41 937
42 949
43 942
43 935
43 943
44 937
44 940
45 944
45 943
46 940
46 943
47 937
47 940
47 943
48 935
48 937
48 938
48 940
49 944
49 937
49 943
49 945
50 944
50 935
50 937
50 940
51 940
51 943
52 935
52 940
52 943
53 944
53 943
54 936
54 943
55 935
55 937
55 940
55 943
55 945
56 942
56 940
56 943
57 935
57 937
57 939
57 940
57 943
58 935
58 937
58 949
59 942
59 937
59 946
59 948
60 935
60 943
61 935
61 937
61 940
62 935
62 937
62 940
63 935
63 940
63 943
64 942
64 935
64 940
65 944
65 935
65 937
65 940
65 943
66 944
66 942
66 935
66 937
66 938
66 940
66 945
67 935
67 937
67 940
67 945
68 942
68 937
68 938
68 940
68 945
69 944
69 942
69 938
70 944
70 942
70 935
70 936
70 940
70 949
71 944
71 942
71 937
71 938
71 949
71 943
71 945
72 941
72 942
72 946
72 947
72 948
72 949
72 945
73 943
74 942
74 943
75 940
75 943
76 949
77 937
77 940
77 943
78 941
78 942
78 935
78 937
78 946
78 947
78 948
78 940
78 943
79 937
80 942
80 945
81 942
81 945
82 941
82 935
82 937
82 946
82 947
82 948
82 940
82 943
83 946
83 947
83 948
83 943
84 935
84 940
84 943
85 943
86 943
87 942
87 935
87 937
87 940
88 949
89 935
89 937
89 939
89 946
89 947
89 948
89 940
89 949
89 943
89 945
90 935
90 938
91 944
91 935
92 941
92 936
92 946
92 947
93 938
93 943
94 935
94 940
94 943
95 935
95 937
96 944
96 942
97 942
97 943
98 935
98 940
98 943
99 937
99 940
100 942
100 936
100 943
101 941
101 942
101 937
101 946
101 940
101 949
101 943
102 935
102 937
103 942
103 943
104 938
104 943
105 944
105 943
106 942
106 935
106 937
106 940
106 943
107 941
107 940
108 941
108 942
108 935
108 937
108 940
108 943
109 944
109 935
109 937
109 938
109 940
110 949
111 938
111 943
112 942
112 943
113 944
113 938
113 943
114 942
115 935
115 943
116 942
116 943
117 942
117 937
117 940
117 945
118 935
118 937
118 943
119 935
119 937
119 940
120 943
121 944
122 935
122 940
122 943
123 944
124 937
124 940
125 935
125 936
125 937
125 940
125 943
126 935
126 937
127 942
127 935
127 940
127 949
127 943
128 941
128 943
129 941
129 943
130 944
130 938
130 943
131 950
131 943
132 941
132 946
132 947
132 948
133 944
133 945
134 941
134 946
134 947
134 948
135 951
135 952
135 953
135 954
135 955
135 938
136 943
136 945
137 945
138 941
138 942
138 946
138 947
138 943
139 935
139 949
139 943
140 935
140 937
140 940
141 941
141 935
141 946
141 947
141 948
142 942
142 940
143 943
144 941
144 942
144 935
144 937
144 938
144 943
144 945
145 944
145 942
145 938
146 941
146 944
146 942
146 935
146 936
146 937
146 938
146 939
146 946
146 947
146 948
146 940
146 943
146 945
147 941
147 946
147 947
147 945
148 941
148 944
148 942
148 940
148 945
149 944
149 935
149 938
149 943
150 941
150 944
150 942
150 936
150 947
150 943
151 941
151 942
151 935
151 936
151 938
151 947
151 948
151 943
151 945
152 940
153 944
154 942
155 942
155 943
156 935
156 943
157 944
158 935
158 940
158 943
159 935
159 943
159 945
160 941
160 935
160 936
161 941
161 937
161 946
161 947
161 948
162 941
162 935
162 943
163 935
163 940
164 943
165 944
165 942
165 935
165 937
165 943
166 941
166 944
166 935
166 943
167 935
167 940
167 945
168 938
168 943
169 942
170 956
170 944
170 942
170 957
171 935
171 937
171 940
172 945
173 944
173 935
173 937
173 940
173 943
173 945
174 941
174 944
174 942
174 935
174 937
174 947
174 948
174 943
174 945
175 942
175 943
176 941
176 946
176 947
176 943
177 943
177 945
178 935
178 940
178 943
178 945
179 935
179 937
179 939
179 940
179 943
179 945
180 938
180 945
181 941
181 942
181 935
181 936
181 937
181 940
181 943
182 944
182 936
182 943
183 944
183 942
183 937
183 943
184 941
184 944
184 935
184 936
184 946
184 947
184 948
184 940
185 942
186 935
186 940
187 941
187 946
187 947
188 946
188 947
188 948
189 942
189 935
189 940
189 943
190 935
190 940
190 943
191 944
191 945
192 943
193 942
193 935
193 943
194 942
194 943
195 941
195 944
195 935
195 937
195 938
195 949
196 942
197 942
197 943
198 937
199 935
200 942
200 935
200 937
200 946
200 947
200 948
200 940
201 936
202 935
202 936
203 936
204 942
204 937
204 940
204 949
204 943
205 936
206 935
206 937
206 943
207 944
207 943
208 941
208 946
208 947
208 948
209 944
209 943
210 935
211 942
211 935
212 942
213 935
213 943
214 944
214 935
214 940
215 936
215 943
216 942
216 935
216 937
216 938
216 946
216 947
216 948
216 943
217 935
217 940
218 937
218 943
219 942
219 943
220 944
220 942
220 935
220 937
220 940
220 943
221 935
221 940
221 943
221 945
222 942
222 935
222 937
222 940
222 943
223 942
223 943
223 945
224 941
224 937
224 946
224 948
224 940
224 943
225 942
225 936
225 943
226 941
226 935
226 937
226 946
226 947
226 948
226 940
226 943
227 942
227 935
227 938
227 943
227 945
228 935
228 940
229 943
230 944
230 942
231 944
231 943
232 943
233 941
233 944
233 935
233 937
233 946
233 947
233 948
233 940
233 943
234 942
234 943
235 935
235 936
235 937
236 941
236 942
236 936
236 943
236 945
237 943
238 941
238 942
238 936
238 946
238 947
238 943
238 945
239 942
239 935
239 937
240 941
240 944
240 935
240 937
240 938
240 946
240 947
240 940
240 943
240 958
241 935
241 943
242 944
242 943
242 945
243 935
243 937
243 940
243 943
244 937
245 937
246 935
246 937
247 935
247 943
248 938
249 959
249 960
249 961
249 962
250 935
250 940
251 935
251 937
251 940
251 943
252 943
252 945
253 936
253 943
254 935
254 940
254 943
255 944
255 935
256 935
256 940
257 935
257 937
257 940
258 944
258 943
259 942
259 935
259 938
259 943
259 945
260 941
260 946
260 947
260 948
261 941
261 946
261 947
261 948
262 944
262 940
263 943
264 941
264 943
265 942
265 943
266 942
267 941
267 935
267 937
267 938
267 946
267 947
267 948
268 963
268 964
269 944
269 958
270 940
270 943
271 944
271 943
272 941
272 937
272 946
272 947
273 943
274 936
275 943
276 944
276 943
277 944
277 938
277 940
277 943
277 958
278 938
279 944
279 943
280 938
280 943
281 935
281 940
282 938
283 935
283 943
284 941
284 944
284 942
284 935
284 937
284 938
284 946
284 947
284 948
284 940
284 949
284 943
284 945
285 941
285 946
286 936
287 941
287 944
287 938
287 946
287 947
287 948
287 943
288 942
289 942
290 935
290 936
291 942
291 935
292 941
293 943
294 942
295 935
296 941
296 942
296 935
296 946
296 947
296 948
296 940
296 943
296 945
297 937
297 943
298 941
298 935
298 937
298 938
298 946
298 947
298 943
299 942
299 935
299 943
300 938
301 944
301 938
301 943
302 944
302 943
303 935
303 940
303 943
304 943
305 935
305 940
306 944
306 945
307 942
307 935
307 940
307 943
308 942
309 941
309 935
309 946
309 947
309 943
310 941
310 935
310 943
311 940
311 943
312 938
313 942
313 936
313 943
314 942
314 935
314 943
315 937
315 940
316 935
316 937
316 940
317 935
317 936
318 935
318 940
319 937
319 940
319 943
319 945
320 941
320 935
320 937
320 946
320 947
320 948
320 940
320 943
320 945
321 941
321 946
321 947
321 948
322 935
322 937
322 940
323 941
323 943
324 949
325 941
325 943
326 941
326 935
326 936
327 937
327 940
327 945
327 958
328 936
329 935
329 937
329 940
329 943
330 944
330 943
331 935
331 936
332 943
332 945
333 944
333 935
334 936
334 943
335 944
335 945
336 942
336 943
337 944
337 936
337 940
338 936
338 938
339 937
339 939
339 940
339 943
339 945
340 944
340 943
341 935
341 937
342 935
342 936
343 936
344 941
344 943
345 941
345 935
345 937
345 946
345 947
345 948
345 940
345 949
345 943
345 945
346 937
346 938
346 940
346 943
347 935
348 941
348 935
348 937
348 940
348 943
349 942
349 938
350 936
350 945
351 944
351 937
352 935
353 945
354 936
354 938
354 943
355 941
355 942
355 935
355 936
355 937
355 939
355 946
355 947
355 948
355 940
355 943
355 945
356 935
356 937
357 942
357 940
358 941
358 946
358 947
358 948
358 943
359 940
359 943
360 942
361 949
362 945
363 943
364 941
364 942
364 935
364 937
364 943
364 945
365 935
365 943
366 943
366 945
367 941
367 935
367 947
367 948
368 941
368 935
368 940
368 943
369 944
369 942
369 935
369 937
369 940
369 943
369 945
370 935
370 943
371 935
371 943
372 944
372 938
372 939
372 943
373 944
373 943
374 965
374 966
375 935
375 937
375 940
376 940
376 943
377 935
378 941
378 942
378 936
378 946
378 947
378 948
378 940
378 943
379 942
379 943
380 944
380 942
380 943
380 945
381 942
381 935
381 939
382 944
383 942
383 943
384 941
384 943
385 937
385 940
385 943
386 941
386 937
386 943
387 942
388 935
388 940
389 942
389 940
390 943
391 942
391 943
392 944
392 943
393 941
393 946
393 947
394 941
394 943
395 942
395 940
395 943
396 941
396 944
396 942
396 935
396 937
396 946
396 948
396 940
396 943
397 937
397 940
398 935
398 937
398 940
398 943
399 935
399 940
400 943
401 944
402 935
402 937
402 940
403 942
404 935
405 938
405 943
406 935
406 940
407 940
407 943
408 943
409 935
409 940
410 941
410 942
410 935
410 937
410 947
411 938
411 946
411 948
411 940
412 944
412 943
412 945
413 935
413 940
414 935
414 936
414 937
414 940
415 941
415 936
415 943
416 937
416 943
417 942
417 943
417 945
418 944
418 942
418 943
419 942
419 943
420 941
420 942
420 935
420 937
420 938
420 946
420 947
420 948
420 945
421 941
421 946
421 947
421 948
422 944
422 943
422 945
423 935
424 943
425 944
425 943
426 940
426 943
427 942
427 943
428 935
428 937
428 940
428 943
429 943
430 935
430 940
431 944
431 942
431 938
431 943
432 935
432 937
433 935
433 943
434 936
435 935
436 935
436 937
436 945
437 944
438 941
438 944
438 942
438 935
438 937
438 939
438 947
438 948
438 940
438 943
438 945
439 941
439 935
439 937
439 940
439 943
440 942
440 935
440 936
440 940
440 943
441 935
441 940
441 945
442 936
442 943
443 945
444 943
445 940
445 945
446 935
447 936
447 940
448 945
449 944
450 942
450 935
451 935
451 937
451 945
452 935
452 939
452 943
453 935
454 941
454 935
454 937
454 947
454 948
454 940
454 943
455 942
455 935
455 940
455 943
456 943
457 935
457 943
458 937
458 940
459 944
459 943
460 942
460 937
460 943
461 942
461 935
461 943
462 935
462 943
463 943
464 944
464 935
464 943
465 943
466 941
466 935
466 937
466 940
466 943
467 946
467 947
467 948
467 943
468 942
468 943
469 944
469 935
469 940
469 943
470 944
470 935
471 944
472 937
473 935
473 940
474 935
474 940
474 943
474 945
475 944
475 937
475 938
475 939
475 949
476 942
476 935
477 944
477 936
478 940
478 943
479 941
479 942
479 935
479 937
479 946
479 947
479 948
479 940
479 949
479 943
480 941
480 944
480 935
480 936
480 946
480 947
480 948
480 949
480 945
481 942
482 943
482 945
483 941
483 935
483 936
483 937
483 946
483 948
483 943
484 935
485 967
485 968
486 942
487 944
488 944
488 945
489 944
489 942
489 943
490 942
491 944
491 938
492 942
492 935
493 938
494 935
494 947
494 948
494 943
495 944
495 937
496 938
497 942
497 935
497 936
497 937
497 938
497 943
498 939
498 940
499 941
499 935
499 946
499 947
499 948
500 941
500 947
501 938
501 943
502 937
502 943
503 937
503 938
503 940
503 943
503 945
504 936
504 943
505 935
505 937
506 941
506 944
507 936
507 937
508 935
508 946
508 947
509 944
509 942
509 943
510 944
510 935
510 936
510 946
510 947
510 948
510 940
510 949
510 943
511 937
511 940
512 935
512 937
512 943
513 935
513 946
513 947
513 948
513 940
514 943
514 945
515 944
515 942
515 943
515 945
516 942
516 945
517 941
517 935
517 937
517 946
517 947
517 940
517 943
518 942
518 943
519 937
519 938
519 943
519 945
520 940
520 945
521 941
521 943
522 937
522 943
523 944
523 943
524 940
524 943
525 942
525 935
525 937
525 940
525 943
525 945
526 935
526 943
527 943
528 949
528 943
529 949
530 940
530 943
531 943
532 944
533 944
533 935
534 935
534 937
534 940
535 935
536 942
536 943
537 936
537 940
538 941
538 943
539 944
539 945
540 944
540 938
540 943
541 939
541 949
542 945
543 946
543 948
543 940
543 943
543 945
544 942
544 935
544 937
544 940
544 943
545 944
545 942
545 938
545 943
546 938
547 944
547 942
548 935
548 943
549 941
549 947
549 948
549 943
550 942
550 935
550 940
550 943
550 945
551 941
551 944
551 937
551 939
551 946
551 947
551 948
551 940
551 943
552 943
553 944
553 942
553 943
553 945
554 935
555 937
555 940
555 943
556 969
556 970
556 971
556 972
556 973
556 974
556 975
556 976
557 941
557 948
558 935
558 940
559 942
559 937
559 940
559 943
560 942
560 943
561 936
562 935
562 937
562 938
562 940
562 943
563 943
564 935
564 937
564 940
565 937
565 943
566 944
566 942
567 941
567 935
567 936
567 937
567 946
567 947
567 940
568 944
568 943
569 941
569 942
569 935
569 936
569 937
569 940
569 943
570 942
571 944
571 935
571 937
571 938
571 940
571 943
572 935
572 937
572 940
572 943
573 942
573 943
574 941
574 946
574 948
575 941
575 942
575 947
575 943
576 941
576 942
576 935
576 937
576 940
576 943
576 945
577 935
578 944
578 943
579 943
580 935
580 940
581 941
581 942
581 935
581 946
581 947
581 940
581 943
581 945
582 941
582 942
582 937
582 946
582 947
582 948
582 945
583 935
583 943
584 941
584 942
584 935
584 937
584 946
584 947
584 948
584 940
584 949
584 943
585 935
585 939
585 943
586 942
587 941
587 943
587 945
588 935
588 937
588 940
589 944
589 935
590 935
590 940
591 935
592 935
593 937
593 943
594 943
595 942
595 940
595 943
595 945
596 939
596 946
596 947
596 948
597 940
597 943
597 945
598 943
599 946
599 947
599 943
600 943
601 944
602 942
602 943
603 943
604 945
605 942
605 940
606 937
606 940
607 935
608 941
608 946
608 947
608 948
609 941
609 935
609 936
609 937
609 946
609 947
609 943
610 940
610 943
611 938
612 944
612 938
613 944
613 935
613 937
613 938
613 940
613 943
613 945
614 942
615 943
616 942
616 937
616 940
616 943
617 941
617 942
617 943
618 943
619 941
619 944
619 942
619 935
619 936
619 938
619 946
619 947
619 948
619 940
619 943
620 937
620 943
621 942
621 938
621 943
622 942
623 942
624 935
625 935
625 943
626 935
626 937
626 943
627 938
628 936
628 958
629 941
629 942
629 936
629 937
629 947
629 940
630 943
631 943
632 942
633 935
633 946
633 948
633 940
633 943
634 938
635 936
635 937
635 943
636 944
636 935
637 942
637 943
638 945
639 935
639 943
640 944
640 935
641 941
641 935
641 946
641 947
641 940
641 943
641 945
642 937
642 938
643 942
643 937
643 940
643 943
644 935
644 937
644 946
644 947
644 948
644 949
644 943
645 942
645 935
645 940
645 943
646 942
646 937
647 935
647 936
647 940
647 943
647 945
648 936
649 935
649 937
649 943
650 941
650 936
650 937
650 938
650 939
650 940
650 943
651 936
651 937
651 938
651 940
651 943
652 937
652 943
653 941
653 942
653 935
653 937
653 946
653 947
653 948
653 940
653 943
654 937
654 940
655 943
656 941
656 944
656 942
656 937
656 946
656 948
656 940
656 949
656 943
657 941
657 944
657 935
657 937
657 946
657 947
657 948
657 949
657 943
657 945
658 938
658 943
659 944
660 935
660 937
661 941
661 935
661 946
661 947
661 948
661 940
661 945
662 943
663 942
664 941
664 936
664 937
664 943
665 941
665 942
665 937
665 940
665 943
666 941
666 943
667 942
667 935
667 939
667 940
667 943
668 944
668 937
668 938
668 943
669 943
670 944
670 943
671 944
671 936
672 935
672 937
672 940
672 945
673 940
673 943
674 935
675 944
676 935
676 936
676 937
676 939
676 940
676 943
677 935
677 937
677 940
678 944
678 943
679 949
680 949
681 949
682 941
682 946
682 948
683 935
683 937
683 939
683 940
683 943
684 944
685 938
685 943
686 941
686 942
686 935
686 937
686 947
686 940
687 941
687 935
687 937
687 940
687 943
688 941
688 940
688 943
689 944
689 977
689 978
689 979
689 980
689 981
689 982
689 945
690 944
691 941
691 937
691 943
692 942
692 935
693 944
693 936
693 943
694 941
694 935
694 940
694 943
695 942
695 943
696 944
697 944
697 937
697 946
697 947
697 948
698 944
698 937
698 943
699 942
699 935
699 937
699 946
699 948
699 940
699 943
699 945
700 937
700 940
701 936
701 943
702 943
702 945
703 942
703 935
703 940
704 944
704 942
704 940
704 943
704 945
705 942
705 935
705 940
705 943
705 945
706 935
706 940
706 943
707 942
708 941
708 942
708 946
708 947
708 948
708 943
709 944
709 945
710 943
710 945
711 944
711 943
712 941
712 946
712 947
712 948
713 944
713 942
713 943
714 937
715 942
715 935
715 937
715 943
716 944
716 935
716 943
717 936
718 935
718 936
719 944
719 943
720 944
721 944
721 943
721 945
722 938
722 943
723 944
723 943
724 944
725 941
725 935
725 937
725 940
725 949
725 943
726 941
726 935
726 937
726 940
726 943
727 936
727 937
727 940
727 943
728 942
728 936
729 941
729 942
729 935
729 943
730 941
730 935
730 943
731 983
731 984
731 985
732 941
732 935
732 937
732 940
732 943
732 945
733 935
733 938
734 942
734 943
735 943
736 942
736 935
736 940
736 943
737 935
737 937
738 943
739 941
739 944
739 935
739 937
739 947
739 948
740 940
740 943
741 941
741 946
741 947
741 948
741 943
742 935
742 940
743 941
743 944
743 943
744 936
744 946
744 947
744 948
744 943
745 942
745 935
745 937
745 938
745 940
745 945
746 942
746 935
746 938
747 942
747 938
748 936
749 936
750 942
750 938
751 936
751 943
752 937
752 943
753 944
753 942
753 935
753 937
753 943
754 944
754 935
754 937
754 943
754 945
755 943
756 986
757 942
757 935
757 936
757 937
757 940
757 943
758 935
758 937
758 940
758 943
759 943
760 943
760 945
761 942
761 943
762 944
762 943
763 935
763 940
763 943
764 944
764 938
765 938
765 943
766 941
766 942
766 935
766 937
766 947
766 948
766 943
767 944
767 943
768 935
768 936
768 937
768 943
769 935
769 937
769 939
769 940
769 943
770 944
770 942
770 935
770 940
770 943
770 945
771 944
771 938
772 944
772 942
772 935
772 936
772 937
772 938
772 940
772 943
773 935
773 937
774 939
774 943
775 938
775 943
776 941
776 946
776 947
776 948
776 943
777 942
777 939
777 940
778 935
778 937
778 940
779 942
779 935
779 936
780 935
780 937
781 943
782 942
782 935
782 936
782 940
783 941
784 935
784 940
784 943
785 942
785 938
785 943
786 944
786 938
786 945
786 958
787 936
788 944
788 935
788 940
789 936
790 938
790 958
791 942
791 935
791 937
791 940
791 943
792 942
792 935
792 937
792 943
793 940
794 935
794 938
794 940
794 943
795 935
795 937
795 940
795 943
796 935
796 936
796 937
796 943
797 941
797 937
797 947
797 948
797 940
797 943
798 941
798 946
798 947
799 935
799 936
799 940
800 942
800 935
800 937
801 945
802 941
802 942
802 937
802 938
802 946
802 948
802 940
802 943
803 939
803 949
804 940
804 943
805 942
805 938
806 941
806 937
806 943
807 942
808 944
808 940
808 949
808 945
809 944
809 943
810 935
810 937
811 943
812 944
812 935
812 940
813 944
813 942
813 940
814 938
815 944
816 942
816 935
816 937
816 940
816 943
817 942
817 943
818 935
819 943
820 944
820 943
821 938
821 939
822 937
822 943
822 945
823 943
824 949
825 987
825 938
825 945
826 943
827 944
827 943
828 943
829 944
829 943
830 935
830 940
831 943
832 944
832 942
832 943
833 935
834 937
834 943
835 940
835 949
835 943
836 936
836 938
837 976
837 940
837 945
838 935
838 936
838 940
839 944
839 942
839 935
839 988
839 989
839 938
839 940
839 943
839 945
840 944
840 942
840 935
840 937
840 946
840 947
840 948
840 943
841 935
841 940
841 943
842 935
842 940
843 935
843 937
843 940
844 941
844 938
845 937
845 940
846 943
846 945
847 935
847 943
848 935
848 937
849 937
849 940
850 940
850 943
851 936
851 943
851 945
852 937
852 943
853 942
853 943
854 935
855 944
855 940
855 943
856 935
856 937
856 940
856 943
857 936
858 938
858 943
859 935
859 938
859 943
860 935
860 943
861 941
861 942
861 935
861 937
861 947
861 948
861 940
861 949
862 943
863 941
863 935
863 938
863 939
863 946
863 947
863 948
863 940
863 949
863 943
863 945
864 941
864 937
864 940
864 943
865 935
865 937
865 940
866 944
866 943
867 990
867 991
868 938
868 943
869 938
869 943
870 943
871 940
872 941
872 935
872 937
872 940
872 943
872 945
873 936
873 937
873 940
873 943
874 941
874 944
874 943
875 941
875 944
875 942
875 937
875 939
875 946
875 947
875 948
875 940
875 949
875 943
876 941
876 944
876 942
876 946
876 948
876 949
876 943
877 944
877 942
877 935
877 940
877 943
878 937
878 940
878 943
879 944
879 943
879 945
880 941
880 946
880 943
881 935
881 943
882 935
882 937
882 938
882 940
883 941
883 944
883 935
883 936
883 987
883 992
883 937
883 993
883 971
883 938
883 946
883 947
883 940
883 949
883 943
883 945
884 941
884 942
884 935
884 937
884 940
884 943
885 943
886 944
886 942
886 938
886 940
886 943
886 945
887 942
887 935
887 938
887 940
887 945
888 937
888 938
888 943
889 942
890 935
890 940
890 943
891 935
891 940
892 935
893 941
893 942
893 935
893 937
893 939
893 946
893 947
893 948
893 940
893 949
893 943
894 942
895 944
895 937
895 939
895 940
895 943
895 945
896 944
896 943
896 945
897 940
898 941
898 940
899 941
899 943
900 936
900 943
901 936
901 943
902 944
903 944
903 935
903 938
903 945
903 958
904 942
904 936
904 943
905 942
905 935
905 936
905 937
905 940
906 938
906 945
907 937
907 943
908 935
909 944
909 942
909 943
910 942
910 935
910 936
910 940
910 943
910 945
911 943
912 942
912 943
913 941
913 942
913 935
913 937
913 940
913 949
913 943
914 944
914 942
915 943
916 941
916 935
916 937
916 938
916 947
916 948
916 940
916 943
917 935
917 937
917 943
918 936
919 938
919 943
920 942
920 935
920 937
920 940
921 944
921 942
921 935
921 937
921 943
922 942
922 938
923 944
923 943
924 948
925 941
925 937
925 946
925 947
925 948
926 941
926 944
926 942
926 935
926 937
926 947
926 940
926 945
927 944
927 935
927 938
927 939
927 940
927 949
928 949
928 945
929 946
929 947
930 935
930 937
931 938
932 935
932 936
933 935
933 937
933 940
933 943
934 937
934 943
