0 986
0 987
1 988
1 986
1 987
1 989
1 990
2 991
2 988
2 986
2 993
2 994
3 986
3 987
4 996
4 987
5 991
5 988
5 992
5 986
5 994
5 989
5 995
5 990
6 998
6 986
7 994
8 1000
9 1001
9 986
10 991
10 1002
10 993
10 995
11 988
12 988
12 986
12 989
12 997
13 988
13 989
13 990
14 991
14 1002
14 988
14 999
14 986
14 1000
14 993
14 995
14 990
14 997
15 986
16 1002
16 986
16 997
17 1003
17 998
17 986
17 987
18 986
18 995
19 988
19 986
19 987
19 1004
20 989
20 990
21 986
21 989
22 996
22 997
23 1002
24 988
24 1001
24 1004
25 996
25 986
26 996
26 986
27 1003
27 991
27 988
27 996
27 992
27 993
27 987
27 995
27 1004
27 997
28 988
28 986
29 996
29 997
30 1002
30 986
31 998
31 987
32 1003
32 986
32 987
33 986
33 989
33 995
33 990
34 1003
34 988
34 987
34 989
34 990
34 997
35 988
36 1003
36 988
36 998
36 987
36 989
36 1004
37 988
37 990
38 988
38 990
39 986
39 987
40 1002
41 990
42 991
42 998
42 992
42 993
42 994
42 989
43 996
43 986
43 997
44 987
45 986
45 997
46 986
46 997
47 998
47 996
48 991
48 1002
48 998
48 993
48 987
49 1002
49 996
49 999
49 1000
49 987
49 990
49 1004
49 997
50 1003
50 988
50 996
50 1001
50 1000
50 994
50 989
50 990
50 1004
50 997
51 1004
52 1003
52 988
52 992
52 986
52 1000
52 993
52 994
52 987
52 989
52 995
52 990
52 1004
53 987
54 1003
54 986
54 987
55 988
55 998
55 989
56 988
56 997
57 1002
57 988
57 987
58 987
58 989
59 1003
59 988
59 993
59 989
59 995
59 990
60 988
60 998
60 989
61 988
61 989
61 990
62 991
62 992
62 993
62 987
62 989
62 995
63 1001
63 989
64 986
64 987
65 991
65 988
65 1001
65 999
65 992
65 986
65 993
65 987
65 989
65 995
65 990
65 1004
66 998
66 990
67 998
67 989
68 991
68 988
68 998
68 999
68 992
68 986
68 1000
68 989
68 995
68 990
68 997
69 988
70 988
70 986
70 989
70 990
70 997
71 998
71 986
72 999
72 1000
73 991
73 988
73 1005
73 992
73 986
73 993
73 989
73 995
73 990
73 997
74 1001
74 999
74 1000
75 988
75 989
76 990
76 997
77 1003
77 991
77 1001
77 999
77 992
77 986
77 1000
77 987
77 1004
77 997
78 988
78 986
78 989
78 995
78 990
79 986
79 989
80 1004
81 998
81 997
82 1003
82 1002
82 999
82 992
82 1000
82 993
82 994
82 987
82 989
82 995
82 990
82 1004
83 988
83 986
84 988
84 986
85 991
85 988
85 992
85 986
85 993
85 995
86 996
86 997
87 988
87 987
87 990
88 998
88 997
89 988
89 987
90 1003
90 986
90 994
90 1004
91 988
91 986
92 991
92 992
92 995
93 1003
93 988
93 998
93 994
94 991
94 1001
94 992
94 993
94 995
95 988
95 986
95 989
95 995
95 990
96 988
96 986
96 994
96 987
97 996
98 988
98 999
98 986
98 989
98 990
99 996
100 1003
100 988
100 994
100 997
101 1002
101 988
101 989
101 1004
102 988
102 1001
102 986
103 987
104 1002
104 988
104 987
104 989
104 990
104 1004
105 998
106 1004
107 1002
107 988
107 996
107 1001
107 999
107 1000
107 989
107 990
108 986
109 988
109 996
109 994
109 989
109 990
109 1004
110 1003
110 1002
110 988
110 986
110 987
110 990
111 988
111 986
111 994
111 987
111 989
112 986
113 996
113 986
113 990
114 1002
114 986
114 987
114 989
114 990
114 1004
114 997
115 988
115 990
116 988
116 990
117 994
117 987
117 990
118 987
118 990
118 997
119 986
119 987
120 988
121 1002
121 989
122 999
122 1000
123 1002
123 986
124 996
124 997
125 996
125 986
126 996
126 995
127 998
127 990
128 988
128 986
128 989
128 1004
129 991
129 988
129 1001
129 992
129 986
129 1000
129 993
129 987
129 989
129 995
129 990
129 1004
129 997
130 1003
130 991
130 1002
130 988
130 992
130 986
130 993
130 994
130 987
130 989
130 995
130 990
131 991
131 1005
131 992
131 993
131 994
131 995
131 1004
132 987
133 988
133 986
134 988
134 986
134 987
134 989
134 995
134 990
135 989
135 990
136 996
136 986
137 996
137 986
138 986
138 994
139 988
139 986
139 989
139 995
139 990
140 1002
140 988
140 992
140 993
140 989
141 1002
141 986
141 997
142 989
143 988
144 996
144 987
144 1004
145 1003
145 1002
145 988
145 998
145 986
145 987
145 989
145 1004
146 999
146 1000
147 991
147 988
147 998
147 992
147 986
147 994
147 987
147 989
147 990
148 986
149 1003
150 988
150 989
151 992
151 986
151 993
152 988
152 990
153 1003
153 988
153 986
153 987
153 989
153 990
153 1004
154 986
154 989
155 988
155 986
155 989
155 995
155 990
156 988
156 997
157 991
157 988
157 992
157 986
157 993
157 989
157 990
158 988
158 986
159 988
159 986
159 989
159 990
160 989
161 996
162 998
162 986
162 987
163 988
163 986
163 994
163 987
163 989
163 1004
164 996
164 986
165 1002
165 986
165 997
166 986
167 988
167 986
168 996
168 986
168 994
168 989
168 990
168 997
169 1002
169 986
169 987
169 1004
170 996
171 987
172 1002
172 986
172 987
172 997
173 1002
173 988
174 991
174 992
174 986
174 993
175 998
175 987
176 987
176 990
177 1003
177 987
178 988
178 986
179 1002
179 988
179 1001
179 986
179 989
179 1004
180 986
181 988
181 989
182 990
183 988
184 996
184 987
185 1002
185 997
186 988
186 986
187 986
187 989
187 1004
187 997
188 1003
188 996
188 986
188 987
188 1004
189 986
189 994
189 987
189 989
189 990
190 988
191 986
191 1004
192 988
192 986
192 989
192 1004
193 988
193 986
194 988
194 986
195 1002
195 996
195 989
195 990
196 1002
197 1002
197 988
197 986
197 989
197 995
197 990
198 1002
198 986
199 1003
199 991
199 1002
199 988
199 1001
199 992
199 993
199 994
199 987
199 989
199 995
199 1004
200 1002
200 988
200 990
201 1002
201 988
201 986
201 989
202 988
202 990
203 991
203 988
203 992
203 986
203 993
203 995
204 1004
205 1003
205 991
205 1002
205 998
205 992
205 986
205 993
205 987
206 986
206 987
207 989
208 989
209 1002
210 1003
210 1001
210 986
210 994
210 987
210 989
210 990
211 986
211 987
212 988
213 1002
213 986
213 989
213 995
213 997
214 988
214 997
215 988
215 986
215 987
216 988
216 986
217 986
217 1004
218 996
218 1005
218 986
218 989
218 997
219 989
219 990
220 991
220 1002
220 998
220 999
220 992
220 1000
220 993
220 987
220 995
221 996
221 997
222 1002
222 986
222 987
222 989
222 997
223 991
223 1002
223 992
223 986
223 993
223 994
223 987
223 989
223 1004
223 997
224 991
224 988
224 992
224 993
224 994
224 987
224 995
224 990
224 997
225 1003
225 988
225 986
225 987
225 990
225 1004
225 997
226 986
226 997
227 986
227 989
228 988
228 998
228 992
228 986
228 993
228 990
229 994
230 988
230 986
230 994
230 989
230 990
231 988
231 989
231 997
232 986
233 991
233 992
233 993
233 987
233 995
233 1004
234 1005
235 992
235 986
235 993
236 988
236 989
237 992
237 986
237 993
237 995
238 987
239 1002
239 988
239 1001
239 994
239 989
239 990
240 986
240 997
241 989
241 995
241 990
242 988
242 986
242 997
243 988
243 989
243 990
244 988
244 986
244 997
245 991
245 992
245 993
245 995
246 991
246 986
246 993
246 987
246 995
247 997
248 988
248 990
249 991
249 988
249 993
249 990
250 988
250 986
251 988
251 989
251 990
252 986
252 990
253 989
253 990
254 986
254 994
254 987
254 989
254 990
255 988
255 995
256 988
256 986
256 990
257 1002
257 986
257 997
258 1002
258 988
258 986
258 989
258 990
258 1004
259 996
259 995
260 1003
260 986
261 991
261 999
261 992
261 1000
261 993
261 995
262 988
262 999
262 989
262 997
263 986
263 987
263 1004
264 988
264 986
264 987
264 990
265 1002
265 986
266 989
267 998
267 986
267 994
268 1003
268 1002
268 986
268 994
268 987
268 1004
268 997
269 991
269 996
269 992
269 986
269 993
269 987
269 989
269 995
269 990
270 986
271 1002
271 994
271 989
271 990
271 1004
271 997
272 988
272 986
273 1001
273 989
273 990
274 986
275 996
275 986
276 988
276 989
276 995
276 990
276 997
277 1002
277 986
277 989
277 990
277 1004
278 991
278 988
278 999
278 992
278 986
278 993
278 994
278 987
278 990
279 999
279 1000
280 987
280 989
281 987
282 996
282 987
283 998
283 986
284 986
285 989
285 990
286 987
287 988
287 986
287 989
287 995
287 990
288 1003
288 991
288 1002
288 988
288 1001
288 999
288 992
288 986
288 1000
288 993
288 994
288 989
288 995
288 990
288 1004
288 997
289 988
289 989
289 990
290 989
291 988
291 986
291 989
292 1003
292 1002
292 988
292 996
292 986
292 987
292 989
292 990
292 997
293 988
293 986
293 989
293 990
294 988
294 999
294 986
294 1000
294 994
294 987
294 989
294 990
294 1004
295 991
295 988
295 992
295 986
295 989
295 995
295 990
296 988
296 998
296 995
297 988
297 994
298 986
299 986
299 987
300 986
300 995
301 986
301 987
302 1002
302 989
303 1003
303 988
303 999
303 986
303 1000
303 987
303 989
303 995
303 990
304 988
304 987
305 996
305 989
306 986
307 1002
307 988
307 996
307 997
308 991
308 998
308 992
308 986
308 995
309 988
309 986
309 989
310 996
310 986
311 988
311 989
312 998
312 986
312 989
312 990
313 988
313 1001
313 986
314 1003
314 1002
314 988
314 1001
314 986
314 987
314 990
315 986
315 987
316 996
316 986
317 991
317 1002
317 988
317 986
317 993
317 994
317 987
317 989
317 990
317 1004
318 991
318 1002
318 992
318 986
318 995
319 988
319 996
320 991
320 999
320 992
320 1000
320 993
320 995
321 1002
321 986
322 988
322 1001
322 992
322 986
322 993
322 994
322 989
322 997
323 986
323 995
324 988
324 987
324 989
324 990
325 988
325 986
325 994
325 987
326 1002
326 988
326 996
326 994
326 989
326 990
327 1003
327 988
327 986
327 994
327 989
327 990
328 986
328 995
329 1003
329 988
329 986
329 995
329 990
330 998
330 986
331 986
332 988
332 986
333 988
333 986
333 995
334 988
334 986
334 995
334 1004
335 991
335 988
335 993
335 995
336 986
336 989
337 997
338 986
338 997
339 988
339 986
340 988
341 986
341 990
342 986
342 989
343 1002
343 986
344 1003
344 1002
344 995
344 997
345 988
345 996
345 986
345 987
345 989
345 990
345 1004
345 997
346 1002
346 988
346 986
346 987
346 989
346 995
347 1003
347 987
347 989
347 990
347 1004
348 991
348 992
348 995
349 1002
349 996
350 996
350 986
351 1003
351 986
351 994
351 1004
352 986
353 1002
353 988
354 996
355 986
355 990
355 997
356 988
356 989
356 990
357 1003
357 998
357 986
357 990
357 1004
358 986
359 1003
359 986
359 987
359 989
359 990
359 1004
360 1002
360 988
360 986
360 989
360 995
360 990
360 997
361 986
362 996
362 986
363 1002
363 988
363 992
363 986
363 993
363 989
363 995
364 1003
364 986
364 987
364 995
364 1004
364 997
365 1002
365 998
365 986
365 997
366 1003
366 988
366 986
366 987
366 990
367 988
367 986
367 989
367 1004
368 1003
368 986
368 994
368 987
368 1004
368 997
369 999
369 1000
370 1002
370 986
371 986
371 997
372 986
372 987
373 988
373 998
373 986
374 999
374 1000
375 996
375 986
376 986
377 1004
378 986
378 1004
379 991
379 1002
379 988
379 998
379 996
379 992
379 986
379 994
379 987
379 989
379 995
379 990
379 997
380 988
380 986
381 1003
381 986
381 994
381 995
382 1002
382 990
382 997
383 1003
383 1002
383 986
383 987
383 1004
384 992
384 993
384 995
385 996
385 986
386 988
387 988
387 986
387 997
388 1002
388 986
389 988
389 998
389 986
389 989
389 1004
390 988
390 998
390 995
391 991
391 992
391 993
391 995
392 996
392 986
392 990
392 997
393 997
394 998
394 986
394 987
395 988
395 1001
395 986
395 987
395 989
396 988
396 999
396 986
396 989
396 990
397 991
397 988
397 992
397 986
397 993
397 994
397 987
397 989
397 990
398 996
398 987
399 1002
399 988
399 999
399 986
399 994
399 989
399 990
400 991
400 992
400 993
400 995
401 988
402 988
402 990
403 1002
404 996
404 986
405 988
405 992
405 986
405 993
406 996
406 986
407 998
407 986
408 987
409 991
409 988
409 992
409 989
409 995
410 986
411 988
411 998
412 991
412 992
412 993
412 995
412 1004
413 986
414 989
414 997
415 1002
415 986
416 989
417 996
417 986
418 986
418 990
419 987
419 990
420 991
420 988
420 992
420 993
420 987
420 995
420 997
421 995
422 988
422 996
422 986
422 989
422 990
422 997
423 988
423 998
423 989
423 990
424 991
424 988
424 992
424 986
424 987
424 989
424 995
424 990
425 998
425 986
426 988
426 997
427 1002
427 999
427 1000
428 992
428 993
429 988
429 986
429 990
429 997
430 998
431 989
432 1003
432 988
432 986
432 987
432 989
432 990
432 1004
433 996
433 997
434 988
434 996
434 992
434 986
434 993
434 994
434 987
434 990
435 1002
435 1005
435 997
436 1002
437 986
438 989
438 990
439 988
439 989
439 990
440 988
440 990
441 1003
442 986
443 988
443 989
444 988
444 990
445 986
446 988
446 986
446 987
447 991
447 988
447 992
447 986
447 993
447 989
447 995
447 990
447 1004
448 1003
448 991
448 1002
448 993
448 995
449 988
449 998
449 986
449 995
450 988
450 986
451 988
451 998
451 986
451 990
452 988
452 986
452 987
452 989
452 990
453 998
453 986
454 998
454 996
455 986
455 987
456 1002
456 988
456 989
457 1003
457 996
457 989
457 1004
458 989
458 1004
459 1003
459 991
459 992
459 986
459 993
459 995
459 990
459 1004
460 986
460 989
460 997
461 988
461 989
461 990
462 986
462 989
463 986
464 1003
464 991
464 1002
464 988
464 986
464 993
464 994
464 987
464 995
464 990
464 1004
464 997
465 991
465 1002
465 988
465 986
465 993
465 989
465 990
465 997
466 986
467 996
467 986
467 987
467 997
468 1001
468 994
468 989
469 988
469 990
470 991
470 1002
470 988
470 999
470 992
470 986
470 1000
470 993
470 994
470 987
470 989
470 1004
471 1003
471 1002
471 988
471 986
471 987
471 989
471 995
471 990
472 988
472 998
472 996
472 986
472 989
472 990
473 991
473 988
473 998
473 999
473 992
473 986
473 1000
473 993
473 994
473 987
473 989
473 995
474 986
474 989
474 990
475 988
475 996
475 986
475 989
475 990
475 997
476 1002
476 988
476 996
476 1001
476 986
476 987
477 1002
477 986
478 986
478 989
479 998
479 997
480 1002
480 986
480 987
480 1004
480 997
481 986
482 988
482 989
482 990
483 988
483 986
483 994
483 989
483 990
483 1004
484 986
484 997
485 988
485 995
485 990
486 989
487 998
487 996
487 986
487 989
487 990
488 988
488 986
488 990
489 1002
489 998
490 996
491 986
491 987
491 997
492 988
492 990
493 986
493 1004
494 1002
494 986
495 987
495 1004
496 987
496 989
497 988
497 987
497 990
498 1003
498 991
498 1002
498 988
498 998
498 996
498 992
498 993
498 987
498 989
498 990
499 986
499 987
500 988
500 989
501 986
501 987
502 996
502 986
502 987
503 1003
503 997
504 988
504 986
504 989
505 1002
506 988
506 986
506 987
506 989
506 990
507 997
508 988
508 989
509 986
509 995
509 997
510 989
510 990
511 986
511 990
511 997
512 1002
513 998
513 990
514 1002
514 986
514 987
514 989
515 1003
515 986
515 987
515 990
515 997
516 1002
516 998
516 986
516 987
516 997
517 987
517 1004
518 988
518 986
518 989
519 998
519 1004
520 986
520 989
521 997
522 998
522 996
522 986
523 988
523 1000
523 990
524 988
524 996
525 998
525 986
526 988
526 989
527 1003
527 988
527 986
527 987
527 990
528 1003
528 986
528 994
529 988
529 986
529 989
529 1004
530 996
530 986
531 1002
531 986
532 999
532 1000
533 987
534 988
535 1003
535 1002
535 986
536 986
536 997
537 991
537 988
537 998
537 986
537 994
537 989
537 995
537 990
538 1002
538 988
538 999
538 1000
538 994
539 987
539 997
540 988
540 986
540 989
541 1003
541 997
542 987
542 997
543 1001
543 986
544 1002
544 986
545 991
545 988
545 986
545 993
545 995
545 990
546 986
546 997
547 1001
547 999
547 1000
548 986
548 995
548 990
549 996
549 986
549 997
550 988
550 989
551 1003
551 991
551 1002
551 996
551 992
551 986
551 987
551 989
551 995
552 988
552 998
552 996
552 1001
552 986
552 989
552 995
552 990
553 991
553 992
553 986
553 993
553 994
553 987
553 995
553 1004
554 1002
554 988
554 986
554 989
554 990
555 990
555 997
556 986
556 990
557 996
557 1005
558 988
558 986
558 995
559 998
560 1003
560 1002
560 986
560 994
560 987
560 1004
560 997
561 991
561 992
561 993
561 995
562 1003
562 997
563 998
563 986
564 996
564 1005
565 991
565 1002
565 992
565 993
565 989
565 995
565 1004
566 1002
566 997
567 988
567 986
567 989
567 990
567 1004
568 991
568 996
568 986
568 993
568 995
569 991
569 988
569 992
569 993
569 995
570 988
570 986
570 989
570 990
571 991
571 992
571 993
571 989
572 986
572 987
572 997
573 991
573 988
573 992
573 993
574 988
574 986
575 996
575 989
576 991
576 998
576 992
576 993
576 995
577 988
577 987
577 990
578 1003
578 991
578 988
578 998
578 996
578 986
578 993
578 994
578 987
578 989
578 990
579 1002
579 996
579 986
579 995
580 988
580 992
580 1000
580 987
580 989
580 995
580 990
580 1004
581 989
581 990
582 998
582 994
583 988
583 986
583 987
583 990
584 988
584 990
585 986
585 989
586 998
586 989
586 990
587 1002
587 988
588 1003
588 986
588 987
589 986
589 987
590 997
591 988
591 986
591 987
591 989
591 990
592 986
593 990
594 988
594 990
595 996
595 986
596 986
596 989
597 991
597 988
597 992
597 993
597 989
597 995
598 988
598 986
599 991
599 988
599 996
599 992
599 1000
599 993
599 995
599 990
599 997
600 988
600 992
600 986
600 993
600 994
600 989
600 995
600 997
601 1003
602 991
602 992
602 986
602 993
602 987
602 989
602 995
602 990
603 988
604 986
604 997
605 996
605 986
605 994
605 989
605 990
606 986
607 988
607 998
607 996
607 986
607 987
607 995
607 990
607 1004
608 1004
609 994
609 997
610 987
611 986
612 991
612 988
612 998
612 992
612 989
612 990
613 988
613 986
613 987
614 1002
614 997
615 986
616 986
617 986
617 997
618 987
618 1004
619 987
620 1004
621 987
622 990
623 988
623 998
623 996
623 999
623 992
623 1000
623 993
623 994
623 987
623 989
623 990
623 1004
624 991
624 988
624 992
624 986
624 993
624 994
624 987
624 989
624 995
625 988
625 1004
626 988
626 996
626 992
626 986
626 993
626 987
626 990
627 1003
627 996
627 986
627 987
628 986
629 996
629 989
630 986
630 997
631 1003
631 1002
631 998
631 1004
632 988
632 986
632 987
632 989
632 995
633 987
633 990
634 986
634 987
634 989
634 990
635 1003
635 986
635 1000
635 994
635 987
635 989
635 990
635 1004
636 998
636 1004
637 986
637 995
637 990
638 994
638 987
638 990
639 986
640 988
640 992
640 993
640 995
641 991
641 988
641 992
641 986
641 993
641 989
641 995
642 988
642 986
643 998
643 996
643 986
644 986
644 995
645 996
645 986
646 986
646 997
647 988
647 998
647 986
647 987
647 989
647 990
648 1004
648 997
649 998
649 986
650 1002
650 994
651 988
651 986
652 991
652 992
652 993
652 994
653 988
653 998
654 988
654 1001
654 986
654 989
655 996
655 997
656 988
656 986
656 995
656 1004
657 988
657 998
657 990
658 998
658 986
659 1002
659 1006
659 996
660 1003
660 1002
660 988
661 986
661 987
662 988
662 996
662 990
662 997
663 988
663 989
663 990
664 986
665 998
665 987
666 998
667 986
667 987
668 986
669 989
670 988
670 996
670 989
670 990
671 1003
671 1002
671 988
671 986
671 994
671 989
671 990
671 1004
672 986
672 1004
673 988
673 989
673 997
674 997
675 989
675 990
676 998
677 996
677 986
677 997
678 998
678 1000
679 1003
679 1005
679 986
679 989
679 990
680 986
681 987
682 1003
682 986
682 994
682 987
682 1004
683 1001
683 986
684 1003
684 986
684 997
685 988
685 986
685 994
685 989
686 988
686 996
686 989
687 1003
687 991
687 1002
687 996
687 999
687 992
687 986
687 1000
687 993
687 994
687 989
687 995
687 990
687 1004
687 997
688 988
688 998
688 986
688 987
688 990
689 1002
690 988
690 989
690 990
691 1002
691 986
691 989
691 995
692 986
692 987
693 986
693 994
693 997
694 988
694 990
695 999
695 986
695 1000
696 988
696 986
696 987
696 989
696 990
696 1004
697 998
697 986
698 998
698 996
699 989
700 1002
701 986
701 987
702 988
702 987
702 990
702 1004
703 1002
703 988
703 986
704 991
704 1002
704 988
704 996
704 1001
704 999
704 992
704 986
704 1000
704 993
704 994
704 987
704 989
704 995
704 990
704 1004
705 988
705 996
705 992
705 986
705 993
705 994
705 987
705 995
706 988
706 998
706 986
706 995
706 990
706 1004
707 988
707 987
708 998
708 986
708 987
709 988
709 994
709 989
710 988
710 999
710 986
710 1000
710 997
711 1000
712 991
712 1002
712 988
712 1001
712 992
712 986
712 989
712 990
713 1007
714 996
714 986
714 989
715 986
715 997
716 988
716 1001
716 989
717 986
718 986
718 997
719 986
720 988
720 987
721 988
722 988
722 989
723 986
723 989
724 988
724 986
724 987
724 989
724 995
724 1004
725 986
725 989
725 990
726 990
727 1002
727 988
727 1001
727 986
727 989
727 990
728 1004
729 987
730 998
730 986
731 988
731 986
731 989
732 988
732 998
733 1002
733 988
733 996
733 986
733 987
733 997
734 986
734 987
735 1004
735 997
736 986
736 990
737 998
737 986
737 997
738 988
738 986
738 1000
738 989
738 990
738 997
739 986
739 987
739 1004
740 1002
740 988
740 986
740 989
741 998
741 987
742 986
743 1004
743 997
744 988
744 989
745 986
745 997
746 986
746 987
746 1004
746 997
747 991
747 988
747 992
747 986
747 989
747 995
747 990
748 986
748 997
749 1008
749 997
750 986
750 997
751 988
752 991
752 992
752 993
752 995
753 998
754 988
754 996
754 986
754 989
754 990
755 997
756 988
756 998
756 986
756 987
756 989
756 995
756 990
757 986
758 988
759 986
759 997
760 988
760 986
760 989
760 990
761 1009
762 988
762 998
762 993
762 989
763 998
763 986
763 1004
763 997
764 988
764 989
765 998
765 986
765 995
766 988
766 986
766 1000
766 987
766 989
766 990
766 1004
767 986
767 987
768 988
768 987
769 991
769 992
769 993
769 995
769 990
769 997
770 998
771 986
772 986
772 989
772 990
772 1004
773 1002
773 986
774 1003
774 988
774 996
774 1001
774 986
774 987
774 989
775 1002
775 988
775 986
775 989
776 1002
777 1003
777 995
777 990
778 991
778 986
778 993
778 994
778 989
778 995
779 988
779 1001
779 986
779 994
779 987
780 986
780 989
780 990
781 988
781 986
781 987
781 989
781 990
781 1004
782 998
783 1003
783 986
783 994
783 987
783 995
783 1004
784 988
784 986
784 989
784 995
785 988
785 986
785 987
785 995
785 1004
786 1003
786 1002
786 996
786 986
786 987
786 989
786 990
786 1004
787 990
788 1002
788 989
788 995
789 1003
789 991
789 1002
789 1006
789 988
789 1009
789 998
789 996
789 999
789 986
789 993
789 1011
789 994
789 989
789 995
789 990
789 997
790 1003
790 986
790 997
791 988
791 998
791 999
791 986
791 1000
791 994
791 987
791 989
791 990
791 1004
792 1002
792 986
793 992
793 993
793 995
794 986
794 995
794 990
795 986
795 987
796 998
796 994
797 989
797 997
798 988
798 986
798 987
798 990
798 1004
799 994
799 997
800 988
800 998
800 992
800 986
800 993
800 989
800 995
800 990
801 1002
801 986
801 997
802 1003
802 991
802 993
802 994
802 987
802 989
802 995
802 990
802 1004
803 986
803 987
803 995
804 986
804 987
805 999
805 1000
806 991
806 988
806 999
806 992
806 986
806 1000
806 993
806 994
806 987
806 995
806 990
807 1002
807 986
808 1002
808 988
808 999
808 986
808 1000
808 994
808 987
808 990
808 1004
809 986
809 987
809 989
809 995
809 990
809 1004
810 988
810 989
811 988
811 986
811 1000
811 987
811 989
812 991
812 988
812 998
812 992
812 986
812 989
812 990
813 988
813 986
813 989
813 997
814 998
814 986
814 987
814 1004
815 1002
815 988
815 1001
815 986
815 989
815 990
815 1004
816 989
816 990
817 988
817 986
817 989
817 990
818 987
818 1004
818 997
819 986
819 987
819 1004
820 991
820 1002
820 992
820 986
820 989
820 1004
821 994
822 988
822 986
822 997
823 989
823 990
824 991
824 999
824 992
824 986
824 1000
824 993
824 994
824 987
824 989
824 995
825 986
825 995
826 986
827 988
827 994
827 989
828 988
828 986
828 989
828 1004
829 986
829 997
830 1002
830 988
830 986
830 989
830 995
831 986
831 997
832 998
833 996
833 986
834 986
834 989
835 996
835 986
836 996
836 1001
837 986
838 1003
838 986
838 994
838 987
838 1004
839 986
839 997
840 986
841 991
841 992
841 986
841 993
842 987
843 1003
843 988
843 986
843 987
843 989
843 997
844 986
844 997
845 998
845 986
845 1004
846 991
846 988
846 998
846 992
846 986
846 993
846 987
846 1004
847 1001
847 987
847 989
847 995
847 990
847 1004
847 997
848 1002
848 986
849 991
849 988
849 992
849 993
849 995
850 986
850 990
851 998
851 989
852 988
852 987
853 1003
853 996
853 986
854 1002
854 988
854 996
854 986
854 994
854 987
854 989
854 995
854 990
854 1004
854 997
855 988
855 986
855 987
855 1004
856 1002
856 986
856 997
857 988
857 986
857 987
857 989
857 990
858 986
858 995
859 988
859 986
859 989
859 990
860 1003
860 1002
860 986
860 994
860 987
860 989
860 1004
861 988
861 996
861 986
861 994
861 987
861 989
861 990
862 988
862 989
862 990
862 1004
863 988
863 986
863 995
863 997
864 986
864 987
864 1004
864 997
865 986
865 994
865 989
866 998
866 986
867 986
867 989
867 1004
868 986
868 995
869 1002
869 988
869 996
869 986
869 989
869 990
869 997
870 986
870 987
871 988
871 996
871 986
871 987
871 989
871 1004
872 996
872 986
873 1003
873 986
873 987
873 995
873 990
873 1004
874 986
874 997
875 996
875 986
875 990
876 988
876 998
876 996
876 987
876 989
877 991
877 1002
877 999
877 986
877 1000
877 993
877 994
877 987
877 989
877 995
877 1004
877 997
878 988
879 991
879 1002
879 988
879 992
879 986
879 989
879 990
879 997
880 986
880 994
880 1004
881 993
881 995
882 986
882 995
883 986
884 987
884 990
885 988
885 994
885 989
885 990
886 987
886 989
887 991
887 992
887 989
887 995
888 986
888 987
888 995
889 987
889 1004
889 997
890 998
890 1001
890 986
890 994
890 1004
891 991
891 988
891 999
891 992
891 986
891 1000
891 993
891 995
891 990
892 1002
892 988
892 994
892 989
893 986
893 1000
894 996
894 986
894 987
895 988
895 996
895 990
896 986
896 995
897 986
897 987
897 990
898 988
898 989
899 988
899 998
900 988
900 986
900 987
900 989
901 991
901 992
901 993
901 995
902 1002
902 988
902 986
902 989
902 1004
903 988
903 986
903 995
903 990
904 988
904 986
904 987
904 989
904 990
905 986
906 989
906 990
907 991
907 988
907 998
907 987
907 989
907 995
907 990
908 1003
908 987
909 1002
909 988
909 989
909 1010
910 986
910 987
911 986
911 987
912 997
913 1002
913 988
913 998
913 996
913 986
913 987
914 991
914 992
914 993
914 995
915 988
915 986
916 988
916 989
917 997
918 988
918 990
918 997
919 986
919 997
920 1004
921 1003
921 988
921 986
921 987
921 989
922 991
922 1002
922 988
922 998
922 999
922 992
922 986
922 1000
922 993
922 989
922 990
922 1004
923 988
923 987
923 1004
923 997
924 988
924 986
924 989
925 988
925 998
925 990
926 996
926 986
927 988
927 997
928 1003
928 1002
928 988
928 999
928 992
928 986
928 1000
928 993
928 994
928 987
928 990
928 1004
928 997
929 988
929 986
929 989
930 989
930 990
931 986
931 995
932 988
932 998
932 999
932 986
932 1000
932 989
932 995
932 990
933 1002
933 986
934 1002
934 986
934 994
934 995
935 1002
936 992
936 986
936 993
936 995
937 986
937 987
937 989
937 990
937 997
938 991
938 992
938 993
938 995
938 990
939 988
939 989
939 995
939 990
940 987
941 986
941 987
941 989
942 988
942 986
943 986
943 997
944 1002
944 1012
944 1004
944 997
945 996
946 986
947 986
947 987
948 998
948 986
949 992
949 986
949 993
949 994
949 987
949 989
949 1004
950 991
950 992
950 993
950 995
950 997
951 997
952 991
952 993
952 995
953 995
954 986
954 987
954 997
955 1002
955 988
955 986
956 997
957 988
957 986
958 991
958 992
958 995
959 986
959 987
959 989
959 990
960 988
960 987
960 989
960 990
961 998
962 986
963 986
963 997
964 986
964 989
965 986
965 997
966 991
966 995
967 988
967 989
967 997
968 1002
968 988
968 989
969 1003
969 988
969 998
969 986
969 989
969 990
969 1004
970 1003
970 998
971 989
971 990
971 1004
972 988
972 990
973 988
974 986
975 991
975 988
975 992
975 986
975 987
975 995
975 990
976 989
976 990
977 998
977 986
977 994
977 989
977 990
978 991
978 1002
978 986
978 994
978 989
978 995
979 986
980 986
980 990
981 986
981 987
982 996
983 998
983 986
984 986
985 991
985 988
985 996
985 992
985 986
985 993
985 994
985 989
985 995
985 990
