0 884
0 885
0 887
0 888
0 890
0 891
1 885
2 884
2 895
2 885
3 895
3 896
3 885
4 897
4 895
4 885
5 895
5 885
6 887
6 889
6 891
6 892
7 884
7 898
8 899
9 897
9 899
10 896
10 898
11 900
11 899
12 891
13 897
13 899
13 888
13 890
13 893
13 898
14 899
14 890
14 891
15 897
16 897
16 899
17 897
17 899
18 896
18 899
18 891
19 896
19 898
20 900
20 894
21 884
22 895
22 885
22 899
22 887
22 888
22 889
22 891
22 892
23 896
24 885
25 884
25 885
25 899
25 898
26 885
27 884
27 899
28 899
28 898
29 899
30 897
30 899
30 901
30 890
30 898
31 897
31 899
32 884
32 899
32 890
32 898
33 897
34 897
35 884
35 900
35 897
35 895
35 885
35 899
36 899
37 884
37 897
37 895
37 899
37 887
37 894
37 889
37 890
37 891
37 892
37 898
38 887
38 891
38 892
39 884
39 899
40 899
40 887
40 889
40 890
40 891
40 898
41 885
42 897
42 899
43 897
43 895
43 896
43 894
43 890
44 899
44 890
44 898
45 899
45 898
46 899
46 886
46 890
46 893
46 898
47 899
47 890
47 898
48 884
48 895
48 899
48 890
49 894
49 898
50 900
50 899
51 897
51 895
51 899
51 890
51 898
52 895
52 896
53 899
53 887
53 889
54 897
54 899
54 890
55 899
55 890
55 898
56 897
56 895
56 899
56 890
56 898
57 900
57 899
57 891
58 890
58 898
59 897
59 899
59 890
59 898
60 900
60 885
61 896
61 890
62 885
62 899
63 900
63 885
63 899
63 886
63 888
63 889
63 890
63 891
63 892
63 893
63 898
64 899
64 894
64 890
65 887
65 889
65 891
65 892
66 898
67 899
68 886
68 887
68 891
68 892
68 893
69 890
69 898
70 884
70 891
71 899
71 887
71 889
71 890
71 891
71 892
72 899
72 890
73 884
73 899
73 887
73 888
73 891
73 892
73 893
74 897
74 895
74 899
74 890
74 898
75 890
75 898
76 890
77 897
77 895
77 899
77 887
77 889
77 890
77 891
77 892
78 899
79 890
79 898
80 890
80 898
81 895
81 899
81 898
82 897
83 890
83 898
84 899
84 898
85 898
86 899
86 898
87 890
87 898
88 897
88 899
88 887
88 891
88 898
89 899
89 887
89 894
89 889
89 890
89 892
89 898
90 897
90 899
91 897
91 895
91 901
92 899
92 891
93 899
93 890
93 898
94 897
94 899
94 898
95 895
95 887
95 889
95 891
95 892
96 899
97 888
98 885
99 896
99 887
99 889
99 891
99 892
100 899
101 897
101 899
101 898
102 897
102 885
102 887
102 894
102 889
102 890
102 891
102 892
102 898
103 897
103 899
103 890
103 891
103 898
104 898
105 897
106 900
106 897
106 898
107 899
108 899
109 895
109 899
109 890
109 898
110 900
110 897
110 899
111 884
111 900
111 897
111 899
111 901
112 900
112 899
112 898
113 885
113 899
114 885
114 899
115 900
115 885
115 890
115 891
115 892
116 897
116 894
116 890
117 884
117 899
118 897
119 900
119 901
120 899
121 899
121 890
121 891
121 898
122 884
122 899
123 898
124 884
124 897
124 899
125 886
125 888
125 893
126 898
127 899
127 894
127 890
127 891
128 890
128 898
129 900
129 885
129 899
129 901
129 887
129 889
129 891
129 892
129 898
130 896
130 898
131 899
132 896
132 899
132 891
133 899
133 894
133 888
133 890
133 891
133 893
133 898
134 899
135 899
135 890
136 885
136 899
137 899
137 890
138 898
139 899
139 890
139 898
140 899
141 897
141 895
141 898
142 885
142 899
143 885
143 890
143 898
144 900
144 887
144 889
144 891
144 892
145 897
145 895
146 897
146 899
147 895
148 890
148 898
149 899
149 890
149 898
150 899
151 899
151 886
151 888
151 893
152 899
152 898
153 899
153 890
153 898
154 899
154 890
154 898
155 899
156 884
156 885
157 886
157 901
157 888
157 893
158 900
158 899
159 897
159 885
159 899
160 897
161 884
162 899
162 887
162 894
162 889
162 891
162 892
163 885
163 890
164 901
164 898
165 887
165 889
165 891
166 890
166 898
167 900
167 898
168 899
169 897
170 899
170 887
170 889
171 899
171 898
172 897
173 885
173 887
173 889
173 898
174 898
175 895
176 897
176 890
177 900
178 899
179 895
179 899
179 898
180 885
181 900
181 899
182 897
183 887
183 889
183 891
183 892
183 898
184 900
184 897
184 895
184 890
184 898
185 899
186 899
187 897
187 899
188 884
188 899
188 901
189 898
190 887
190 889
190 891
190 892
191 897
191 895
191 899
191 887
191 889
191 891
192 890
192 898
193 890
193 898
194 899
194 890
194 891
194 898
195 899
195 898
196 890
196 898
197 897
197 896
197 899
198 890
199 884
199 897
199 899
200 899
201 897
201 890
201 898
202 897
202 896
202 899
202 887
202 889
202 891
202 892
202 898
203 885
203 899
203 886
203 888
203 893
204 884
204 899
205 899
206 900
206 897
206 899
206 890
206 891
206 898
207 896
207 890
208 895
209 899
210 900
210 897
210 895
210 894
210 890
210 898
211 900
211 897
211 895
211 887
211 894
211 889
211 890
211 891
211 892
211 898
212 885
212 899
213 897
213 886
213 888
214 897
215 900
215 899
215 891
216 898
217 890
218 899
218 890
219 901
219 887
219 892
220 900
220 899
220 894
220 888
220 890
220 893
220 898
221 899
221 887
221 891
221 892
222 899
223 885
223 899
224 884
224 899
225 898
226 896
226 887
226 889
226 892
226 898
227 884
227 885
228 899
229 899
230 899
230 890
230 898
231 897
231 885
231 899
231 888
231 890
231 893
232 897
232 896
232 899
232 887
232 894
232 890
232 892
232 898
233 899
234 897
234 899
235 900
235 897
235 895
235 885
235 899
235 887
235 894
235 889
235 892
235 898
236 885
237 890
238 897
238 899
239 900
239 897
239 899
239 887
239 894
239 889
239 892
239 898
240 886
240 893
241 890
242 897
242 895
242 898
243 897
243 890
244 900
244 895
244 896
244 899
244 898
245 899
246 884
246 899
247 900
247 897
247 895
247 896
247 899
247 887
247 888
247 889
247 890
247 891
247 892
247 898
248 899
249 884
249 899
249 894
249 890
249 898
250 900
250 899
250 901
251 900
251 899
251 887
251 894
251 889
251 891
251 892
251 898
252 899
252 898
253 897
253 899
253 901
253 898
254 884
254 885
254 899
254 890
255 895
255 899
256 900
256 897
257 899
258 898
259 887
259 889
260 897
260 895
260 890
260 898
261 884
261 897
261 885
262 897
262 885
262 899
263 884
263 897
263 895
263 896
263 885
263 899
263 894
263 888
263 889
263 890
263 891
263 892
263 898
264 884
264 897
264 895
264 896
264 885
264 899
264 889
264 890
264 892
265 885
265 894
266 895
266 899
267 897
267 895
267 896
267 899
267 890
267 898
268 899
269 899
269 898
270 897
270 885
270 899
270 890
270 898
271 899
271 890
271 898
272 899
272 891
272 892
273 899
274 884
274 900
274 897
274 894
274 890
274 898
275 899
275 890
276 899
277 899
277 890
278 887
278 889
278 891
279 897
279 895
279 901
279 894
279 898
280 899
280 891
281 890
282 897
282 899
283 895
284 884
284 897
284 895
284 899
285 899
286 884
286 899
287 897
287 899
287 890
288 897
289 890
290 899
290 887
290 889
290 891
291 897
291 895
291 894
291 890
291 898
292 897
292 899
292 887
292 892
293 897
294 885
294 899
295 885
295 898
296 897
296 885
296 898
297 897
297 885
297 899
297 894
298 897
298 890
299 897
300 885
300 899
301 884
301 901
302 899
302 890
303 899
303 890
304 899
304 898
305 899
306 897
307 897
308 895
308 885
308 899
309 890
309 898
310 899
311 885
312 899
312 898
313 899
314 900
314 895
314 885
314 899
314 886
314 887
314 894
314 888
314 889
314 890
314 892
314 893
314 898
315 899
315 890
315 898
316 884
316 897
316 899
317 900
317 899
317 898
318 897
318 895
318 899
319 897
319 895
320 899
320 898
321 887
321 889
321 891
321 892
322 895
322 899
323 899
324 895
324 899
324 887
324 894
324 889
324 891
324 892
325 896
325 899
326 896
326 899
327 896
327 890
328 896
328 899
329 900
329 897
329 895
329 885
329 899
329 894
329 890
330 890
331 897
331 899
331 898
332 900
332 897
332 899
332 898
333 900
333 897
333 895
333 899
333 894
333 890
333 898
334 897
334 895
334 899
334 887
334 894
334 889
334 891
334 892
335 884
335 899
336 897
336 895
336 899
336 890
337 885
338 885
338 899
339 885
339 899
340 895
340 899
341 884
341 896
341 901
341 890
341 898
342 884
342 897
342 895
342 896
342 899
342 890
342 891
342 898
343 884
344 897
344 896
344 899
345 897
345 895
345 890
345 898
346 898
347 897
348 898
349 899
349 898
350 890
350 898
351 884
352 890
353 885
353 902
353 894
354 900
354 899
354 898
355 890
356 895
357 885
357 899
358 890
359 899
359 890
360 884
361 899
362 884
363 897
363 895
363 896
363 899
363 898
364 888
364 893
365 885
366 890
366 898
367 897
367 899
367 889
367 891
367 892
368 884
368 900
368 897
368 885
368 901
368 889
368 890
368 892
368 898
369 900
369 899
370 896
370 890
371 899
372 899
373 899
373 891
374 897
374 899
375 894
376 899
376 887
376 889
376 890
376 891
376 892
377 884
377 899
378 884
378 896
378 899
379 890
380 899
380 894
380 898
381 896
382 896
382 899
383 900
383 899
384 896
385 900
385 897
385 895
385 896
385 901
385 894
385 889
385 890
385 891
385 892
385 898
386 899
386 898
387 887
387 889
387 890
387 891
387 892
388 885
388 899
389 897
389 895
389 899
389 886
389 894
389 890
389 898
390 899
390 898
391 899
392 895
392 899
392 894
393 896
394 897
394 895
394 899
394 890
395 897
395 895
395 886
395 887
395 888
395 889
395 890
395 893
395 898
396 887
396 890
396 891
397 900
397 899
398 903
398 904
398 905
398 906
398 900
398 907
398 908
398 909
398 895
398 885
398 910
398 911
398 912
399 900
399 898
400 913
400 914
400 915
401 899
401 891
402 895
402 896
402 887
402 889
402 890
402 892
403 899
403 891
404 916
404 917
404 918
404 919
404 920
404 885
404 921
404 922
405 923
405 884
405 900
405 897
405 895
405 885
405 924
405 886
405 925
405 901
405 888
405 890
405 898
406 926
406 927
406 928
406 929
406 930
406 884
406 931
407 932
407 933
407 934
407 935
407 936
407 899
407 937
407 890
407 938
407 891
407 898
408 939
408 896
408 887
408 894
408 889
408 892
408 898
409 897
409 896
409 899
409 887
409 894
409 889
409 890
409 891
409 892
409 898
410 940
410 884
411 900
411 899
411 890
411 891
411 892
411 898
412 900
412 885
412 899
413 891
414 899
415 900
415 899
416 897
416 895
416 899
416 890
416 898
417 900
418 900
418 897
418 895
418 899
418 901
418 890
419 885
419 899
420 900
420 897
420 899
420 890
420 891
420 898
421 897
422 886
423 899
423 891
423 898
424 899
425 900
426 896
426 890
427 896
427 887
427 889
427 891
427 892
428 890
428 891
429 897
429 895
429 899
429 890
430 890
431 900
431 899
431 898
432 890
433 896
433 899
434 899
434 887
434 890
434 891
434 898
435 897
435 895
435 886
435 888
435 890
435 891
435 898
436 900
436 897
436 896
436 899
436 887
436 889
436 891
436 892
436 898
437 900
437 890
438 896
439 897
439 895
439 896
439 899
440 885
440 899
440 891
441 899
441 890
441 898
442 899
442 887
442 889
442 890
442 892
443 900
443 897
443 885
443 899
443 890
443 891
444 896
444 898
445 896
445 899
446 895
446 896
446 899
446 901
446 890
446 898
447 885
447 899
448 890
449 885
450 897
450 899
451 899
451 898
452 897
452 885
452 899
453 890
453 898
454 897
454 895
454 885
454 899
454 890
454 898
455 897
455 895
455 899
456 884
457 885
457 899
458 897
458 885
458 899
459 886
459 888
459 893
459 898
460 899
460 890
460 898
461 895
461 899
461 894
462 899
463 895
463 899
464 897
464 899
464 887
464 891
464 892
465 897
465 890
466 885
467 899
467 891
468 885
469 896
469 899
470 900
470 897
470 896
470 899
470 889
470 891
470 892
471 887
471 889
471 892
472 885
473 900
473 897
473 885
474 897
475 897
475 895
475 899
475 886
475 887
475 894
475 888
475 889
475 890
475 892
475 893
475 898
476 897
476 895
476 896
476 899
476 894
476 889
476 891
476 892
476 898
477 900
478 884
478 900
478 897
478 895
478 885
478 899
478 894
478 889
478 890
478 891
478 892
479 901
479 887
479 888
479 892
480 890
480 898
481 895
481 899
481 894
482 899
483 899
483 898
484 897
485 885
485 899
485 898
486 885
486 899
487 890
487 898
488 890
488 898
489 898
490 897
490 895
490 898
491 884
491 899
492 897
492 895
492 899
492 894
493 900
493 899
494 900
494 899
495 899
495 890
496 900
496 899
496 890
496 898
497 897
497 894
497 890
497 898
498 896
498 899
499 896
500 896
500 899
501 897
501 899
501 887
501 889
501 890
501 891
501 898
502 899
502 901
503 884
504 896
504 890
505 896
505 899
505 891
506 898
507 899
507 891
507 898
508 884
508 885
509 900
509 885
509 899
510 900
510 896
510 899
510 898
511 896
511 890
511 898
512 890
513 897
513 891
513 898
514 884
515 896
516 897
516 899
517 898
518 896
518 890
519 897
519 895
519 896
519 899
519 890
519 891
519 898
520 897
520 895
520 885
520 899
520 894
521 899
521 889
521 890
521 891
521 898
522 896
522 899
523 897
523 890
523 898
524 899
524 891
525 886
525 888
525 893
526 888
526 890
526 893
527 890
527 898
528 890
529 900
529 885
529 899
529 890
530 900
530 896
531 897
532 899
532 901
533 890
534 899
535 900
536 897
537 897
537 895
537 894
538 890
539 887
539 889
539 891
539 892
540 900
541 900
541 899
542 890
542 891
543 884
544 897
545 897
545 896
545 899
546 897
546 899
546 891
547 895
548 886
548 888
548 893
549 899
549 891
550 900
550 899
551 889
551 891
551 892
552 897
552 895
553 886
553 888
553 893
554 900
555 896
555 899
555 890
555 898
556 897
556 896
557 899
557 891
558 899
558 894
559 896
559 899
560 886
560 888
560 893
561 885
562 899
563 899
564 896
565 887
565 889
565 891
565 892
566 890
566 898
567 899
568 897
568 899
569 887
569 889
569 891
569 892
570 897
570 899
571 899
571 894
572 890
573 895
573 899
573 888
573 890
573 893
573 898
574 899
574 887
574 889
574 891
574 892
575 885
576 898
577 899
577 898
578 899
579 890
580 884
581 896
582 900
582 885
582 899
583 886
583 893
584 897
584 899
585 895
585 899
585 891
586 899
587 897
587 895
587 899
588 884
588 885
589 897
590 897
590 899
591 885
591 899
592 895
592 896
593 900
593 897
593 895
593 885
593 894
594 900
594 885
595 897
595 899
596 897
596 895
597 900
597 899
597 891
597 898
598 897
598 898
599 899
600 899
600 890
600 891
601 898
602 884
602 896
603 896
603 899
604 896
604 890
604 891
605 899
605 891
606 884
606 897
606 899
607 940
607 884
608 884
608 900
608 897
608 895
608 899
608 894
608 890
608 898
609 896
609 887
609 889
609 890
609 892
609 898
610 899
610 886
610 887
610 888
610 889
610 890
610 891
610 892
610 893
611 891
611 892
611 898
612 899
612 890
612 898
613 897
613 899
614 900
614 897
614 895
614 885
614 899
614 886
614 888
614 890
615 899
615 891
616 884
616 899
617 900
617 897
617 896
617 886
617 887
617 889
617 891
617 892
618 900
618 897
618 895
619 884
619 897
619 895
620 897
620 896
620 885
620 886
620 888
620 898
621 895
621 885
621 899
622 900
622 898
623 896
624 899
624 901
625 897
625 899
625 898
626 887
626 891
626 892
627 885
628 897
628 885
628 899
628 890
628 898
629 898
630 900
630 896
630 899
631 887
631 889
631 891
631 892
632 897
632 895
632 896
632 890
632 898
633 884
633 899
634 884
634 900
634 885
634 886
634 901
634 893
635 897
635 896
636 896
636 885
637 890
638 884
638 896
639 887
639 889
639 890
639 891
639 892
639 898
640 900
640 886
640 888
640 893
641 897
642 897
642 899
643 899
643 891
644 940
644 900
644 899
644 890
644 898
645 897
645 899
645 890
646 899
647 890
647 898
648 899
648 890
649 885
649 899
650 885
650 899
651 897
651 896
651 899
651 890
651 891
651 898
652 897
652 898
653 894
654 886
654 888
654 898
655 884
655 900
656 887
656 891
656 892
657 900
657 889
657 891
657 892
658 900
658 897
658 895
658 901
658 891
658 898
659 884
660 898
661 884
661 900
661 895
661 899
661 894
661 890
661 898
662 899
662 891
663 886
663 888
663 893
664 899
664 890
664 898
665 885
666 884
666 897
666 895
666 885
666 899
666 898
667 897
667 890
667 898
668 900
668 897
668 899
668 886
668 901
668 887
668 894
668 888
668 889
668 890
668 891
668 892
668 893
668 898
669 900
669 897
669 895
669 886
669 887
669 894
669 888
669 889
669 892
669 898
670 897
671 899
671 891
672 884
672 897
672 885
672 890
672 898
673 884
673 885
673 899
674 899
675 899
676 885
677 899
678 884
678 900
678 895
678 885
678 899
678 894
679 884
679 900
679 899
680 885
681 887
681 889
681 891
681 892
682 884
683 884
683 900
683 885
683 899
683 890
683 898
684 896
684 885
684 889
684 892
684 898
685 890
686 897
686 895
686 899
686 898
687 896
687 885
688 900
688 897
688 895
688 885
688 899
689 897
689 899
690 897
690 885
691 884
691 885
691 899
692 884
692 898
693 899
694 884
694 895
694 899
694 887
694 894
694 889
694 890
694 891
694 898
695 885
695 899
695 898
696 887
696 889
696 890
696 891
697 895
697 899
698 885
699 884
699 896
700 897
700 899
700 890
700 898
701 884
701 895
701 885
701 887
701 894
701 889
701 890
701 891
701 892
701 898
702 897
702 895
702 899
703 896
704 898
705 900
705 897
705 895
705 896
705 899
705 898
706 887
706 894
706 889
706 890
706 891
706 898
707 885
707 899
708 884
709 896
709 899
710 885
710 899
710 891
711 896
711 898
712 899
712 890
713 899
713 898
714 897
714 895
714 890
714 898
715 899
715 887
715 894
715 891
715 892
715 898
716 897
716 899
716 890
717 899
718 899
718 901
719 899
719 898
720 884
720 897
720 887
720 889
720 898
721 897
721 899
722 885
722 899
723 900
723 899
723 890
723 891
724 897
724 899
725 884
725 899
726 895
726 899
727 884
727 895
727 885
727 886
727 894
727 888
727 890
727 893
727 898
728 884
729 884
729 899
730 890
731 897
731 899
731 894
731 891
731 892
732 900
732 899
733 897
734 884
734 899
734 890
734 891
735 900
735 897
735 899
735 898
736 897
736 899
736 891
737 890
738 900
738 897
738 885
738 886
738 887
738 888
738 889
738 891
738 892
738 893
738 898
739 900
739 897
739 895
739 899
739 890
740 899
740 891
741 897
741 899
742 895
742 898
743 897
743 885
744 884
744 899
744 890
744 898
745 884
745 885
745 899
745 890
745 898
746 897
746 899
746 886
746 887
746 894
746 888
746 889
746 890
746 892
746 893
746 898
747 899
747 901
747 898
748 887
748 891
748 892
748 898
749 900
749 897
749 895
749 899
749 886
749 894
749 888
749 890
749 898
750 896
750 899
751 897
751 895
751 899
751 890
751 898
752 884
752 896
752 901
752 890
752 891
752 898
753 897
753 895
753 896
753 899
753 887
753 889
753 891
753 892
753 898
754 890
755 885
755 899
756 894
756 890
756 898
757 897
757 895
757 899
757 894
757 889
757 891
757 892
757 898
758 900
758 897
758 887
758 894
758 889
758 890
758 891
758 892
758 898
759 884
760 897
760 885
760 887
760 889
760 890
760 891
760 892
761 900
761 895
761 885
761 899
761 891
762 897
762 895
762 899
762 890
762 898
763 897
764 897
765 885
765 899
766 897
766 899
766 890
766 898
767 899
768 885
768 899
769 884
769 885
770 940
770 900
770 885
771 884
771 895
772 897
772 899
772 887
772 889
772 890
772 898
773 895
773 899
774 900
774 899
775 890
775 898
776 887
776 894
776 889
776 892
777 899
778 884
778 900
778 897
778 895
778 899
778 886
778 887
778 894
778 888
778 889
778 890
778 891
778 892
778 893
778 898
779 899
780 900
780 895
780 885
780 899
780 886
780 901
780 887
780 894
780 888
780 889
780 890
780 892
780 893
780 898
781 897
781 895
781 885
781 898
782 884
782 899
783 897
784 884
784 898
785 899
785 891
786 896
786 899
787 884
787 900
787 897
787 899
787 894
787 890
787 898
788 895
788 899
788 891
789 899
790 900
790 898
791 900
791 896
791 899
791 890
792 884
792 885
792 899
792 890
793 894
794 897
794 899
794 890
794 898
795 900
795 897
795 899
795 887
795 889
795 891
795 892
795 898
796 899
797 900
797 897
798 885
798 899
799 897
799 896
800 896
801 887
801 889
801 891
801 892
802 899
802 890
803 890
803 898
804 884
804 899
805 899
805 887
805 889
805 890
805 891
805 892
806 896
807 896
807 885
808 896
808 887
808 890
808 891
808 892
808 898
809 900
809 885
809 899
809 894
810 899
810 898
811 899
812 899
813 898
814 900
814 897
815 885
815 899
816 896
816 894
817 897
817 895
817 896
817 885
817 891
818 897
818 895
818 885
818 886
818 901
818 887
818 889
818 890
818 891
818 893
819 895
819 885
820 885
821 900
821 897
821 895
821 885
821 899
822 897
822 899
822 891
822 898
823 899
823 890
824 885
824 899
824 889
824 890
824 891
825 900
826 896
826 885
827 899
827 891
828 887
828 889
828 892
829 886
829 888
829 890
829 891
829 893
829 898
830 896
831 899
832 897
832 896
833 896
833 899
833 890
833 898
834 885
834 899
834 887
834 891
834 892
835 899
835 891
836 884
836 899
837 896
837 890
837 898
838 897
838 885
838 899
838 891
839 898
840 889
840 891
840 892
841 885
841 898
842 887
842 889
842 891
843 894
844 886
844 893
845 890
846 884
846 899
847 901
847 890
847 898
848 899
848 891
848 898
849 897
849 895
850 899
850 890
850 891
851 884
851 897
851 895
851 885
852 887
852 889
852 891
852 892
853 896
853 899
853 891
854 890
854 898
855 884
855 899
856 887
856 889
856 891
856 892
857 896
857 899
858 895
858 896
858 899
858 890
858 898
859 900
859 899
860 897
860 885
860 899
861 896
861 899
861 887
861 889
861 890
861 891
861 892
861 898
862 890
862 898
863 900
864 900
864 897
864 887
864 889
864 890
864 891
864 892
865 895
865 899
866 896
866 899
867 896
868 899
868 891
869 897
869 896
870 884
870 890
870 898
871 900
871 899
871 891
872 890
873 897
873 885
873 899
873 890
873 898
874 899
874 890
875 897
875 899
875 887
875 894
875 889
875 890
875 891
875 892
876 884
876 900
876 897
876 899
876 887
876 894
876 889
876 890
876 891
876 892
876 898
877 897
877 890
878 899
879 900
879 897
879 895
879 885
879 899
880 900
880 885
881 941
881 942
881 943
881 944
881 945
881 946
881 947
881 948
881 949
881 950
881 951
882 952
882 953
882 884
882 900
882 897
882 954
882 895
882 885
882 899
882 955
882 956
882 957
882 898
883 884
883 885
883 899
