0 109
0 110
0 111
1 111
1 112
1 113
2 114
3 111
3 115
3 117
3 118
3 119
3 120
4 111
5 110
5 112
5 113
5 115
5 116
5 118
5 119
5 120
5 121
5 122
5 123
5 127
5 128
5 133
5 134
6 111
7 135
7 136
7 137
8 114
8 133
8 134
9 122
10 111
10 112
11 109
11 110
11 111
11 115
11 117
11 120
11 122
11 123
11 124
11 125
11 127
11 129
11 131
11 132
11 134
11 135
11 136
11 138
11 139
11 140
12 109
12 117
12 118
12 123
12 127
12 128
12 135
12 136
12 137
12 139
12 143
13 111
14 111
15 110
15 113
15 114
15 115
15 116
15 117
15 118
15 119
15 120
15 124
15 125
15 127
15 128
15 129
15 130
15 131
15 132
15 133
15 134
15 135
15 138
15 139
15 140
15 141
15 143
16 111
16 116
16 120
17 116
17 118
17 120
17 123
17 128
18 110
18 111
18 119
18 120
18 127
19 109
19 110
19 111
19 124
19 131
19 140
20 110
20 111
20 112
20 116
20 117
20 118
20 119
20 120
20 123
20 128
20 131
21 109
21 110
21 111
21 112
21 116
21 117
21 119
21 120
21 122
21 123
21 124
21 125
21 127
21 133
21 134
22 110
22 112
22 116
22 117
22 118
22 119
22 120
22 124
22 125
22 127
22 128
22 131
22 134
22 141
23 113
23 115
23 117
23 118
23 119
23 120
23 123
23 125
23 127
23 128
23 134
23 135
23 136
24 111
25 111
26 111
26 112
26 132
27 110
27 111
27 116
27 118
27 119
27 120
27 122
27 127
27 128
27 130
27 139
28 140
28 141
28 142
28 143
29 110
29 111
29 112
29 116
29 118
29 119
29 120
29 127
29 130
30 111
30 112
30 125
30 133
30 134
31 119
31 123
31 128
32 109
32 110
32 111
32 116
32 117
32 118
32 119
32 120
32 123
32 128
33 109
33 110
33 111
33 118
33 129
33 130
34 138
34 140
35 116
35 120
35 121
35 137
36 109
36 110
36 112
36 115
36 116
36 117
36 118
36 119
36 120
36 121
36 122
36 123
36 124
36 127
36 128
36 129
36 130
36 131
36 132
36 134
36 135
36 136
36 138
36 139
36 140
36 141
36 142
36 143
37 109
37 111
37 112
37 115
37 116
37 117
37 118
37 119
37 123
37 127
37 128
37 129
37 130
37 131
38 111
39 109
39 110
39 111
39 114
39 118
39 119
39 123
39 124
39 125
39 128
39 134
40 110
40 111
40 122
40 124
40 125
40 131
40 133
40 134
40 140
41 110
41 111
41 112
41 116
41 117
41 118
41 119
41 120
41 122
41 123
41 124
41 125
41 127
41 128
41 130
41 131
41 133
41 134
42 114
43 115
43 116
43 117
43 118
43 119
43 120
43 123
43 128
44 111
45 111
46 109
46 110
46 111
46 112
46 113
46 120
46 124
46 131
47 114
47 124
47 131
47 133
47 134
48 139
49 111
49 114
49 124
49 131
49 140
49 141
50 111
51 111
52 122
52 124
52 125
52 131
52 133
52 134
53 110
53 111
53 112
53 114
53 122
53 125
53 134
54 109
54 110
54 111
54 115
54 116
54 118
54 119
54 120
54 123
54 127
54 128
54 129
54 139
54 141
54 142
54 143
55 113
56 110
56 111
56 114
56 116
56 117
56 119
56 120
56 121
56 122
56 123
56 125
56 127
56 131
56 132
56 133
56 134
57 111
57 122
57 131
58 113
58 120
58 123
58 128
58 129
58 138
58 139
58 140
58 141
59 111
60 111
61 110
61 111
61 112
61 113
61 114
61 116
61 117
61 118
61 120
61 121
61 122
61 124
61 125
61 127
61 129
61 130
61 131
61 132
61 133
61 135
61 136
61 137
61 139
61 140
61 141
61 142
62 110
62 111
62 113
62 116
62 117
62 118
62 119
62 120
62 121
62 123
62 124
62 127
62 128
62 129
62 130
62 137
62 138
62 139
62 140
62 141
62 142
62 143
63 129
63 138
63 142
63 143
64 109
64 110
65 111
66 111
66 112
66 122
67 110
67 111
67 112
67 124
68 111
69 111
69 116
69 117
69 118
69 119
69 120
69 123
70 137
71 112
71 113
71 114
71 115
71 116
71 117
71 118
71 119
71 120
71 121
71 123
71 124
71 125
71 126
71 127
71 128
71 129
71 130
71 131
71 132
71 133
71 134
71 135
71 136
71 138
71 139
71 140
71 141
71 142
71 143
72 111
73 110
73 112
73 114
73 124
73 131
74 111
75 110
75 111
75 116
75 117
75 118
75 119
75 120
75 127
75 128
76 111
76 125
76 133
76 134
77 111
78 122
79 110
79 111
80 122
80 124
80 131
80 132
80 135
80 136
81 111
82 111
83 109
83 112
83 113
83 114
83 124
83 126
83 129
83 132
83 135
83 136
83 137
83 141
83 143
84 111
84 112
84 114
84 115
84 116
84 117
84 118
84 119
84 120
84 123
84 128
85 111
85 112
85 124
85 125
85 131
85 133
85 134
85 140
86 110
87 122
87 124
87 131
88 110
88 111
88 114
88 119
88 122
88 123
88 125
88 126
88 128
88 133
88 134
88 135
88 138
88 139
88 140
88 141
89 110
89 124
90 111
90 131
91 109
91 110
91 111
91 112
91 113
91 121
91 126
91 132
91 133
91 134
91 140
91 141
91 142
92 109
92 115
92 116
92 118
92 120
92 123
92 125
92 127
92 128
92 129
92 134
93 109
93 110
93 133
94 109
94 110
94 111
94 112
94 121
94 122
94 124
94 125
94 126
94 131
94 132
94 133
94 134
94 135
94 136
94 138
94 139
94 142
95 111
95 115
95 116
95 117
95 118
95 119
95 120
95 123
95 128
96 122
96 124
96 126
96 131
96 132
96 133
96 134
96 135
96 136
96 140
97 129
97 135
97 136
97 137
97 142
97 143
98 110
98 111
98 114
98 117
98 118
98 119
98 122
98 123
98 124
98 128
98 132
98 133
98 134
98 135
98 136
99 111
99 125
99 133
99 134
100 109
100 111
100 124
100 125
100 131
100 133
100 134
101 109
101 111
101 116
101 117
101 118
101 119
101 120
101 121
101 123
101 128
101 130
101 139
101 140
102 110
102 114
102 116
102 117
102 118
102 119
102 120
102 123
102 125
102 128
102 129
102 133
102 134
102 135
102 136
102 138
102 141
103 110
104 111
105 109
105 110
105 111
105 114
105 115
105 116
105 117
105 118
105 119
105 121
105 122
105 124
105 125
105 126
105 127
105 128
105 129
105 130
105 131
105 132
105 133
105 134
105 135
105 136
105 138
105 139
105 140
105 142
106 110
106 111
106 114
106 115
106 116
106 118
106 120
106 125
106 128
106 129
106 133
106 134
106 142
107 111
107 122
108 122
108 126
108 135
108 136
